

  **** PARTIAL WAVE ANALYSIS (DPWA0) ******************************************


  KINETIC ENERGY = 3.70000E+06 eV

  ONLY INNER PHASE SHIFTS ARE TABULATED

      L       PHASE(SPIN UP)     PHASE(SPIN DOWN)
  -----------------------------------------------
       0     -9.47805696E-04      0.00000000E+00
       1     -3.08695200E-07     -7.51327430E-04
       2     -7.61464475E-11     -2.42648473E-07
       3     -1.46490477E-14     -5.97597437E-11
       4      0.00000000E+00     -1.18587529E-14
       5      0.00000000E+00      0.00000000E+00
       6      0.00000000E+00     -0.00000000E+00
       7      0.00000000E+00     -0.00000000E+00
       8     -0.00000000E+00      0.00000000E+00
       9     -0.00000000E+00     -0.00000000E+00
      10      0.00000000E+00     -0.00000000E+00
      11     -0.00000000E+00     -0.00000000E+00


  *** SCATTERING AMPLITUDES AND DIFFERENTIAL CROSS SECTION ***

    ANGLE      DCS       ASYMMETRY    DIRECT AMPLITUDE       SPIN-FLIP AMPLITUDE     ERROR
    (deg)   (cm**2/sr)                      (cm)                    (cm)
  -------------------------------------------------------------------------------------------
  0.000E+00 1.00000E-45  0.000E+00 ( 0.000E+00, 0.000E+00) ( 0.000E+00, 0.000E+00)  1.00E+00
  1.000E-04 1.00000E-45  0.000E+00 ( 0.000E+00, 0.000E+00) ( 0.000E+00, 0.000E+00)  1.00E+00
  1.250E-04 1.00000E-45  0.000E+00 ( 0.000E+00, 0.000E+00) ( 0.000E+00, 0.000E+00)  1.00E+00
  1.500E-04 1.00000E-45  0.000E+00 ( 0.000E+00, 0.000E+00) ( 0.000E+00, 0.000E+00)  1.00E+00
  1.750E-04 1.00000E-45  0.000E+00 ( 0.000E+00, 0.000E+00) ( 0.000E+00, 0.000E+00)  1.00E+00
  2.000E-04 1.00000E-45  0.000E+00 ( 0.000E+00, 0.000E+00) ( 0.000E+00, 0.000E+00)  1.00E+00
  2.250E-04 1.00000E-45  0.000E+00 ( 0.000E+00, 0.000E+00) ( 0.000E+00, 0.000E+00)  1.00E+00
  2.500E-04 1.00000E-45  0.000E+00 ( 0.000E+00, 0.000E+00) ( 0.000E+00, 0.000E+00)  1.00E+00
  2.750E-04 1.00000E-45  0.000E+00 ( 0.000E+00, 0.000E+00) ( 0.000E+00, 0.000E+00)  1.00E+00
  3.000E-04 1.00000E-45  0.000E+00 ( 0.000E+00, 0.000E+00) ( 0.000E+00, 0.000E+00)  1.00E+00
  3.250E-04 1.00000E-45  0.000E+00 ( 0.000E+00, 0.000E+00) ( 0.000E+00, 0.000E+00)  1.00E+00
  3.500E-04 1.00000E-45  0.000E+00 ( 0.000E+00, 0.000E+00) ( 0.000E+00, 0.000E+00)  1.00E+00
  3.750E-04 1.00000E-45  0.000E+00 ( 0.000E+00, 0.000E+00) ( 0.000E+00, 0.000E+00)  1.00E+00
  4.000E-04 1.00000E-45  0.000E+00 ( 0.000E+00, 0.000E+00) ( 0.000E+00, 0.000E+00)  1.00E+00
  4.250E-04 1.00000E-45  0.000E+00 ( 0.000E+00, 0.000E+00) ( 0.000E+00, 0.000E+00)  1.00E+00
  4.500E-04 1.00000E-45  0.000E+00 ( 0.000E+00, 0.000E+00) ( 0.000E+00, 0.000E+00)  1.00E+00
  4.750E-04 1.00000E-45  0.000E+00 ( 0.000E+00, 0.000E+00) ( 0.000E+00, 0.000E+00)  1.00E+00
  5.000E-04 1.00000E-45  0.000E+00 ( 0.000E+00, 0.000E+00) ( 0.000E+00, 0.000E+00)  1.00E+00
  5.250E-04 1.00000E-45  0.000E+00 ( 0.000E+00, 0.000E+00) ( 0.000E+00, 0.000E+00)  1.00E+00
  5.500E-04 1.00000E-45  0.000E+00 ( 0.000E+00, 0.000E+00) ( 0.000E+00, 0.000E+00)  1.00E+00
  5.750E-04 1.00000E-45  0.000E+00 ( 0.000E+00, 0.000E+00) ( 0.000E+00, 0.000E+00)  1.00E+00
  6.000E-04 1.00000E-45  0.000E+00 ( 0.000E+00, 0.000E+00) ( 0.000E+00, 0.000E+00)  1.00E+00
  6.250E-04 1.00000E-45  0.000E+00 ( 0.000E+00, 0.000E+00) ( 0.000E+00, 0.000E+00)  1.00E+00
  6.500E-04 1.00000E-45  0.000E+00 ( 0.000E+00, 0.000E+00) ( 0.000E+00, 0.000E+00)  1.00E+00
  6.750E-04 1.00000E-45  0.000E+00 ( 0.000E+00, 0.000E+00) ( 0.000E+00, 0.000E+00)  1.00E+00
  7.000E-04 1.00000E-45  0.000E+00 ( 0.000E+00, 0.000E+00) ( 0.000E+00, 0.000E+00)  1.00E+00
  7.250E-04 1.00000E-45  0.000E+00 ( 0.000E+00, 0.000E+00) ( 0.000E+00, 0.000E+00)  1.00E+00
  7.500E-04 1.00000E-45  0.000E+00 ( 0.000E+00, 0.000E+00) ( 0.000E+00, 0.000E+00)  1.00E+00
  7.750E-04 1.00000E-45  0.000E+00 ( 0.000E+00, 0.000E+00) ( 0.000E+00, 0.000E+00)  1.00E+00
  8.000E-04 1.00000E-45  0.000E+00 ( 0.000E+00, 0.000E+00) ( 0.000E+00, 0.000E+00)  1.00E+00
  8.250E-04 1.00000E-45  0.000E+00 ( 0.000E+00, 0.000E+00) ( 0.000E+00, 0.000E+00)  1.00E+00
  8.500E-04 1.00000E-45  0.000E+00 ( 0.000E+00, 0.000E+00) ( 0.000E+00, 0.000E+00)  1.00E+00
  8.750E-04 1.00000E-45  0.000E+00 ( 0.000E+00, 0.000E+00) ( 0.000E+00, 0.000E+00)  1.00E+00
  9.000E-04 1.00000E-45  0.000E+00 ( 0.000E+00, 0.000E+00) ( 0.000E+00, 0.000E+00)  1.00E+00
  9.250E-04 1.00000E-45  0.000E+00 ( 0.000E+00, 0.000E+00) ( 0.000E+00, 0.000E+00)  1.00E+00
  9.500E-04 1.00000E-45  0.000E+00 ( 0.000E+00, 0.000E+00) ( 0.000E+00, 0.000E+00)  1.00E+00
  9.750E-04 1.00000E-45  0.000E+00 ( 0.000E+00, 0.000E+00) ( 0.000E+00, 0.000E+00)  1.00E+00
  1.000E-03 1.00000E-45  0.000E+00 ( 0.000E+00, 0.000E+00) ( 0.000E+00, 0.000E+00)  1.00E+00
  1.250E-03 1.00000E-45  0.000E+00 ( 0.000E+00, 0.000E+00) ( 0.000E+00, 0.000E+00)  1.00E+00
  1.500E-03 1.00000E-45  0.000E+00 ( 0.000E+00, 0.000E+00) ( 0.000E+00, 0.000E+00)  1.00E+00
  1.750E-03 1.00000E-45  0.000E+00 ( 0.000E+00, 0.000E+00) ( 0.000E+00, 0.000E+00)  1.00E+00
  2.000E-03 1.00000E-45  0.000E+00 ( 0.000E+00, 0.000E+00) ( 0.000E+00, 0.000E+00)  1.00E+00
  2.250E-03 1.00000E-45  0.000E+00 ( 0.000E+00, 0.000E+00) ( 0.000E+00, 0.000E+00)  1.00E+00
  2.500E-03 1.00000E-45  0.000E+00 ( 0.000E+00, 0.000E+00) ( 0.000E+00, 0.000E+00)  1.00E+00
  2.750E-03 1.00000E-45  0.000E+00 ( 0.000E+00, 0.000E+00) ( 0.000E+00, 0.000E+00)  1.00E+00
  3.000E-03 1.00000E-45  0.000E+00 ( 0.000E+00, 0.000E+00) ( 0.000E+00, 0.000E+00)  1.00E+00
  3.250E-03 1.00000E-45  0.000E+00 ( 0.000E+00, 0.000E+00) ( 0.000E+00, 0.000E+00)  1.00E+00
  3.500E-03 1.00000E-45  0.000E+00 ( 0.000E+00, 0.000E+00) ( 0.000E+00, 0.000E+00)  1.00E+00
  3.750E-03 1.00000E-45  0.000E+00 ( 0.000E+00, 0.000E+00) ( 0.000E+00, 0.000E+00)  1.00E+00
  4.000E-03 1.00000E-45  0.000E+00 ( 0.000E+00, 0.000E+00) ( 0.000E+00, 0.000E+00)  1.00E+00
  4.250E-03 1.00000E-45  0.000E+00 ( 0.000E+00, 0.000E+00) ( 0.000E+00, 0.000E+00)  1.00E+00
  4.500E-03 1.00000E-45  0.000E+00 ( 0.000E+00, 0.000E+00) ( 0.000E+00, 0.000E+00)  1.00E+00
  4.750E-03 1.00000E-45  0.000E+00 ( 0.000E+00, 0.000E+00) ( 0.000E+00, 0.000E+00)  1.00E+00
  5.000E-03 1.00000E-45  0.000E+00 ( 0.000E+00, 0.000E+00) ( 0.000E+00, 0.000E+00)  1.00E+00
  5.250E-03 1.00000E-45  0.000E+00 ( 0.000E+00, 0.000E+00) ( 0.000E+00, 0.000E+00)  1.00E+00
  5.500E-03 1.00000E-45  0.000E+00 ( 0.000E+00, 0.000E+00) ( 0.000E+00, 0.000E+00)  1.00E+00
  5.750E-03 1.00000E-45  0.000E+00 ( 0.000E+00, 0.000E+00) ( 0.000E+00, 0.000E+00)  1.00E+00
  6.000E-03 1.00000E-45  0.000E+00 ( 0.000E+00, 0.000E+00) ( 0.000E+00, 0.000E+00)  1.00E+00
  6.250E-03 1.00000E-45  0.000E+00 ( 0.000E+00, 0.000E+00) ( 0.000E+00, 0.000E+00)  1.00E+00
  6.500E-03 1.00000E-45  0.000E+00 ( 0.000E+00, 0.000E+00) ( 0.000E+00, 0.000E+00)  1.00E+00
  6.750E-03 1.00000E-45  0.000E+00 ( 0.000E+00, 0.000E+00) ( 0.000E+00, 0.000E+00)  1.00E+00
  7.000E-03 1.00000E-45  0.000E+00 ( 0.000E+00, 0.000E+00) ( 0.000E+00, 0.000E+00)  1.00E+00
  7.250E-03 1.00000E-45  0.000E+00 ( 0.000E+00, 0.000E+00) ( 0.000E+00, 0.000E+00)  1.00E+00
  7.500E-03 1.00000E-45  0.000E+00 ( 0.000E+00, 0.000E+00) ( 0.000E+00, 0.000E+00)  1.00E+00
  7.750E-03 1.00000E-45  0.000E+00 ( 0.000E+00, 0.000E+00) ( 0.000E+00, 0.000E+00)  1.00E+00
  8.000E-03 1.00000E-45  0.000E+00 ( 0.000E+00, 0.000E+00) ( 0.000E+00, 0.000E+00)  1.00E+00
  8.250E-03 1.00000E-45  0.000E+00 ( 0.000E+00, 0.000E+00) ( 0.000E+00, 0.000E+00)  1.00E+00
  8.500E-03 1.00000E-45  0.000E+00 ( 0.000E+00, 0.000E+00) ( 0.000E+00, 0.000E+00)  1.00E+00
  8.750E-03 1.00000E-45  0.000E+00 ( 0.000E+00, 0.000E+00) ( 0.000E+00, 0.000E+00)  1.00E+00
  9.000E-03 1.00000E-45  0.000E+00 ( 0.000E+00, 0.000E+00) ( 0.000E+00, 0.000E+00)  1.00E+00
  9.250E-03 1.00000E-45  0.000E+00 ( 0.000E+00, 0.000E+00) ( 0.000E+00, 0.000E+00)  1.00E+00
  9.500E-03 1.00000E-45  0.000E+00 ( 0.000E+00, 0.000E+00) ( 0.000E+00, 0.000E+00)  1.00E+00
  9.750E-03 1.00000E-45  0.000E+00 ( 0.000E+00, 0.000E+00) ( 0.000E+00, 0.000E+00)  1.00E+00
  1.000E-02 1.00000E-45  0.000E+00 ( 0.000E+00, 0.000E+00) ( 0.000E+00, 0.000E+00)  1.00E+00
  1.250E-02 1.00000E-45  0.000E+00 ( 0.000E+00, 0.000E+00) ( 0.000E+00, 0.000E+00)  1.00E+00
  1.500E-02 1.00000E-45  0.000E+00 ( 0.000E+00, 0.000E+00) ( 0.000E+00, 0.000E+00)  1.00E+00
  1.750E-02 1.00000E-45  0.000E+00 ( 0.000E+00, 0.000E+00) ( 0.000E+00, 0.000E+00)  1.00E+00
  2.000E-02 1.00000E-45  0.000E+00 ( 0.000E+00, 0.000E+00) ( 0.000E+00, 0.000E+00)  1.00E+00
  2.250E-02 1.00000E-45  0.000E+00 ( 0.000E+00, 0.000E+00) ( 0.000E+00, 0.000E+00)  1.00E+00
  2.500E-02 1.00000E-45  0.000E+00 ( 0.000E+00, 0.000E+00) ( 0.000E+00, 0.000E+00)  1.00E+00
  2.750E-02 1.00000E-45  0.000E+00 ( 0.000E+00, 0.000E+00) ( 0.000E+00, 0.000E+00)  1.00E+00
  3.000E-02 1.00000E-45  0.000E+00 ( 0.000E+00, 0.000E+00) ( 0.000E+00, 0.000E+00)  1.00E+00
  3.250E-02 1.00000E-45  0.000E+00 ( 0.000E+00, 0.000E+00) ( 0.000E+00, 0.000E+00)  1.00E+00
  3.500E-02 1.00000E-45  0.000E+00 ( 0.000E+00, 0.000E+00) ( 0.000E+00, 0.000E+00)  1.00E+00
  3.750E-02 1.00000E-45  0.000E+00 ( 0.000E+00, 0.000E+00) ( 0.000E+00, 0.000E+00)  1.00E+00
  4.000E-02 1.00000E-45  0.000E+00 ( 0.000E+00, 0.000E+00) ( 0.000E+00, 0.000E+00)  1.00E+00
  4.250E-02 1.00000E-45  0.000E+00 ( 0.000E+00, 0.000E+00) ( 0.000E+00, 0.000E+00)  1.00E+00
  4.500E-02 1.00000E-45  0.000E+00 ( 0.000E+00, 0.000E+00) ( 0.000E+00, 0.000E+00)  1.00E+00
  4.750E-02 1.00000E-45  0.000E+00 ( 0.000E+00, 0.000E+00) ( 0.000E+00, 0.000E+00)  1.00E+00
  5.000E-02 1.00000E-45  0.000E+00 ( 0.000E+00, 0.000E+00) ( 0.000E+00, 0.000E+00)  1.00E+00
  5.250E-02 1.00000E-45  0.000E+00 ( 0.000E+00, 0.000E+00) ( 0.000E+00, 0.000E+00)  1.00E+00
  5.500E-02 1.00000E-45  0.000E+00 ( 0.000E+00, 0.000E+00) ( 0.000E+00, 0.000E+00)  1.00E+00
  5.750E-02 1.00000E-45  0.000E+00 ( 0.000E+00, 0.000E+00) ( 0.000E+00, 0.000E+00)  1.00E+00
  6.000E-02 1.00000E-45  0.000E+00 ( 0.000E+00, 0.000E+00) ( 0.000E+00, 0.000E+00)  1.00E+00
  6.250E-02 1.00000E-45  0.000E+00 ( 0.000E+00, 0.000E+00) ( 0.000E+00, 0.000E+00)  1.00E+00
  6.500E-02 1.00000E-45  0.000E+00 ( 0.000E+00, 0.000E+00) ( 0.000E+00, 0.000E+00)  1.00E+00
  6.750E-02 1.00000E-45  0.000E+00 ( 0.000E+00, 0.000E+00) ( 0.000E+00, 0.000E+00)  1.00E+00
  7.000E-02 1.00000E-45  0.000E+00 ( 0.000E+00, 0.000E+00) ( 0.000E+00, 0.000E+00)  1.00E+00
  7.250E-02 1.00000E-45  0.000E+00 ( 0.000E+00, 0.000E+00) ( 0.000E+00, 0.000E+00)  1.00E+00
  7.500E-02 1.00000E-45  0.000E+00 ( 0.000E+00, 0.000E+00) ( 0.000E+00, 0.000E+00)  1.00E+00
  7.750E-02 1.00000E-45  0.000E+00 ( 0.000E+00, 0.000E+00) ( 0.000E+00, 0.000E+00)  1.00E+00
  8.000E-02 1.00000E-45  0.000E+00 ( 0.000E+00, 0.000E+00) ( 0.000E+00, 0.000E+00)  1.00E+00
  8.250E-02 1.00000E-45  0.000E+00 ( 0.000E+00, 0.000E+00) ( 0.000E+00, 0.000E+00)  1.00E+00
  8.500E-02 1.00000E-45  0.000E+00 ( 0.000E+00, 0.000E+00) ( 0.000E+00, 0.000E+00)  1.00E+00
  8.750E-02 1.00000E-45  0.000E+00 ( 0.000E+00, 0.000E+00) ( 0.000E+00, 0.000E+00)  1.00E+00
  9.000E-02 1.00000E-45  0.000E+00 ( 0.000E+00, 0.000E+00) ( 0.000E+00, 0.000E+00)  1.00E+00
  9.250E-02 1.00000E-45  0.000E+00 ( 0.000E+00, 0.000E+00) ( 0.000E+00, 0.000E+00)  1.00E+00
  9.500E-02 1.00000E-45  0.000E+00 ( 0.000E+00, 0.000E+00) ( 0.000E+00, 0.000E+00)  1.00E+00
  9.750E-02 1.00000E-45  0.000E+00 ( 0.000E+00, 0.000E+00) ( 0.000E+00, 0.000E+00)  1.00E+00
  1.000E-01 1.00000E-45  0.000E+00 ( 0.000E+00, 0.000E+00) ( 0.000E+00, 0.000E+00)  1.00E+00
  1.250E-01 1.00000E-45  0.000E+00 ( 0.000E+00, 0.000E+00) ( 0.000E+00, 0.000E+00)  1.00E+00
  1.500E-01 1.00000E-45  0.000E+00 ( 0.000E+00, 0.000E+00) ( 0.000E+00, 0.000E+00)  1.00E+00
  1.750E-01 1.00000E-45  0.000E+00 ( 0.000E+00, 0.000E+00) ( 0.000E+00, 0.000E+00)  1.00E+00
  2.000E-01 1.00000E-45  0.000E+00 ( 0.000E+00, 0.000E+00) ( 0.000E+00, 0.000E+00)  1.00E+00
  2.250E-01 1.00000E-45  0.000E+00 ( 0.000E+00, 0.000E+00) ( 0.000E+00, 0.000E+00)  1.00E+00
  2.500E-01 1.00000E-45  0.000E+00 ( 0.000E+00, 0.000E+00) ( 0.000E+00, 0.000E+00)  1.00E+00
  2.750E-01 1.00000E-45  0.000E+00 ( 0.000E+00, 0.000E+00) ( 0.000E+00, 0.000E+00)  1.00E+00
  3.000E-01 1.00000E-45  0.000E+00 ( 0.000E+00, 0.000E+00) ( 0.000E+00, 0.000E+00)  1.00E+00
  3.250E-01 1.00000E-45  0.000E+00 ( 0.000E+00, 0.000E+00) ( 0.000E+00, 0.000E+00)  1.00E+00
  3.500E-01 1.00000E-45  0.000E+00 ( 0.000E+00, 0.000E+00) ( 0.000E+00, 0.000E+00)  1.00E+00
  3.750E-01 1.00000E-45  0.000E+00 ( 0.000E+00, 0.000E+00) ( 0.000E+00, 0.000E+00)  1.00E+00
  4.000E-01 1.00000E-45  0.000E+00 ( 0.000E+00, 0.000E+00) ( 0.000E+00, 0.000E+00)  1.00E+00
  4.250E-01 1.00000E-45  0.000E+00 ( 0.000E+00, 0.000E+00) ( 0.000E+00, 0.000E+00)  1.00E+00
  4.500E-01 1.00000E-45  0.000E+00 ( 0.000E+00, 0.000E+00) ( 0.000E+00, 0.000E+00)  1.00E+00
  4.750E-01 1.00000E-45  0.000E+00 ( 0.000E+00, 0.000E+00) ( 0.000E+00, 0.000E+00)  1.00E+00
  5.000E-01 1.00000E-45  0.000E+00 ( 0.000E+00, 0.000E+00) ( 0.000E+00, 0.000E+00)  1.00E+00
  5.250E-01 1.00000E-45  0.000E+00 ( 0.000E+00, 0.000E+00) ( 0.000E+00, 0.000E+00)  1.00E+00
  5.500E-01 1.00000E-45  0.000E+00 ( 0.000E+00, 0.000E+00) ( 0.000E+00, 0.000E+00)  1.00E+00
  5.750E-01 1.00000E-45  0.000E+00 ( 0.000E+00, 0.000E+00) ( 0.000E+00, 0.000E+00)  1.00E+00
  6.000E-01 1.00000E-45  0.000E+00 ( 0.000E+00, 0.000E+00) ( 0.000E+00, 0.000E+00)  1.00E+00
  6.250E-01 1.00000E-45  0.000E+00 ( 0.000E+00, 0.000E+00) ( 0.000E+00, 0.000E+00)  1.00E+00
  6.500E-01 1.00000E-45  0.000E+00 ( 0.000E+00, 0.000E+00) ( 0.000E+00, 0.000E+00)  1.00E+00
  6.750E-01 1.00000E-45  0.000E+00 ( 0.000E+00, 0.000E+00) ( 0.000E+00, 0.000E+00)  1.00E+00
  7.000E-01 1.00000E-45  0.000E+00 ( 0.000E+00, 0.000E+00) ( 0.000E+00, 0.000E+00)  1.00E+00
  7.250E-01 1.00000E-45  0.000E+00 ( 0.000E+00, 0.000E+00) ( 0.000E+00, 0.000E+00)  1.00E+00
  7.500E-01 1.00000E-45  0.000E+00 ( 0.000E+00, 0.000E+00) ( 0.000E+00, 0.000E+00)  1.00E+00
  7.750E-01 1.00000E-45  0.000E+00 ( 0.000E+00, 0.000E+00) ( 0.000E+00, 0.000E+00)  1.00E+00
  8.000E-01 1.00000E-45  0.000E+00 ( 0.000E+00, 0.000E+00) ( 0.000E+00, 0.000E+00)  1.00E+00
  8.250E-01 1.00000E-45  0.000E+00 ( 0.000E+00, 0.000E+00) ( 0.000E+00, 0.000E+00)  1.00E+00
  8.500E-01 1.00000E-45  0.000E+00 ( 0.000E+00, 0.000E+00) ( 0.000E+00, 0.000E+00)  1.00E+00
  8.750E-01 1.00000E-45  0.000E+00 ( 0.000E+00, 0.000E+00) ( 0.000E+00, 0.000E+00)  1.00E+00
  9.000E-01 1.00000E-45  0.000E+00 ( 0.000E+00, 0.000E+00) ( 0.000E+00, 0.000E+00)  1.00E+00
  9.250E-01 1.00000E-45  0.000E+00 ( 0.000E+00, 0.000E+00) ( 0.000E+00, 0.000E+00)  1.00E+00
  9.500E-01 1.00000E-45  0.000E+00 ( 0.000E+00, 0.000E+00) ( 0.000E+00, 0.000E+00)  1.00E+00
  9.750E-01 1.00000E-45  0.000E+00 ( 0.000E+00, 0.000E+00) ( 0.000E+00, 0.000E+00)  1.00E+00
  1.000E+00 6.39718E-17  0.000E+00 (-4.405E-09,-6.676E-09) (-3.379E-11,-5.121E-11)  4.21E-06
  1.100E+00 4.37195E-17  0.000E+00 (-3.365E-09,-5.691E-09) (-2.840E-11,-4.803E-11)  3.10E-06
  1.200E+00 3.08863E-17  0.000E+00 (-2.611E-09,-4.906E-09) (-2.403E-11,-4.517E-11)  1.62E-06
  1.300E+00 2.24382E-17  0.000E+00 (-2.050E-09,-4.270E-09) (-2.045E-11,-4.259E-11)  2.63E-07
  1.400E+00 1.66915E-17  0.000E+00 (-1.626E-09,-3.748E-09) (-1.746E-11,-4.026E-11)  7.60E-07
  1.500E+00 1.26739E-17  0.000E+00 (-1.299E-09,-3.314E-09) (-1.495E-11,-3.815E-11)  1.26E-06
  1.600E+00 9.79605E-18  0.000E+00 (-1.044E-09,-2.950E-09) (-1.282E-11,-3.622E-11)  1.31E-06
  1.700E+00 7.69122E-18  0.000E+00 (-8.428E-10,-2.642E-09) (-1.099E-11,-3.447E-11)  1.01E-06
  1.800E+00 6.12301E-18  0.000E+00 (-6.818E-10,-2.378E-09) (-9.415E-12,-3.286E-11)  5.36E-07
  1.900E+00 4.93514E-18  0.000E+00 (-5.520E-10,-2.152E-09) (-8.046E-12,-3.137E-11)  1.00E-07
  2.000E+00 4.02216E-18  0.000E+00 (-4.465E-10,-1.955E-09) (-6.851E-12,-3.001E-11)  3.57E-07
  2.100E+00 3.31104E-18  0.000E+00 (-3.601E-10,-1.783E-09) (-5.801E-12,-2.875E-11)  5.68E-07
  2.200E+00 2.75053E-18  0.000E+00 (-2.889E-10,-1.633E-09) (-4.875E-12,-2.757E-11)  5.90E-07
  2.300E+00 2.30388E-18  0.000E+00 (-2.299E-10,-1.500E-09) (-4.055E-12,-2.649E-11)  4.57E-07
  2.400E+00 1.94443E-18  0.000E+00 (-1.807E-10,-1.382E-09) (-3.326E-12,-2.547E-11)  2.35E-07
  2.500E+00 1.65251E-18  0.000E+00 (-1.395E-10,-1.278E-09) (-2.674E-12,-2.452E-11)  1.00E-07
  2.600E+00 1.41344E-18  0.000E+00 (-1.049E-10,-1.184E-09) (-2.091E-12,-2.363E-11)  2.09E-07
  2.700E+00 1.21614E-18  0.000E+00 (-7.579E-11,-1.100E-09) (-1.568E-12,-2.280E-11)  3.14E-07
  2.800E+00 1.05214E-18  0.000E+00 (-5.114E-11,-1.024E-09) (-1.096E-12,-2.202E-11)  3.21E-07
  2.900E+00 9.14916E-19  0.000E+00 (-3.026E-11,-9.558E-10) (-6.705E-13,-2.128E-11)  2.45E-07
  3.000E+00 7.99388E-19  0.000E+00 (-1.253E-11,-8.938E-10) (-2.854E-13,-2.059E-11)  1.19E-07
  3.100E+00 7.01560E-19  0.000E+00 ( 2.543E-12,-8.374E-10) ( 6.374E-14,-1.993E-11)  1.00E-07
  3.200E+00 6.18275E-19  0.000E+00 ( 1.537E-11,-7.859E-10) ( 3.809E-13,-1.931E-11)  1.37E-07
  3.300E+00 5.47011E-19  0.000E+00 ( 2.630E-11,-7.389E-10) ( 6.695E-13,-1.873E-11)  1.96E-07
  3.400E+00 4.85743E-19  0.000E+00 ( 3.560E-11,-6.958E-10) ( 9.326E-13,-1.817E-11)  1.96E-07
  3.500E+00 4.32834E-19  0.000E+00 ( 4.351E-11,-6.562E-10) ( 1.173E-12,-1.764E-11)  1.46E-07
  3.600E+00 3.86950E-19  0.000E+00 ( 5.024E-11,-6.198E-10) ( 1.392E-12,-1.714E-11)  1.00E-07
  3.700E+00 3.47000E-19  0.000E+00 ( 5.595E-11,-5.862E-10) ( 1.593E-12,-1.666E-11)  1.00E-07
  3.800E+00 3.12086E-19  0.000E+00 ( 6.078E-11,-5.551E-10) ( 1.777E-12,-1.620E-11)  1.00E-07
  3.900E+00 2.81464E-19  0.000E+00 ( 6.485E-11,-5.263E-10) ( 1.946E-12,-1.577E-11)  1.32E-07
  4.000E+00 2.54515E-19  0.000E+00 ( 6.827E-11,-4.996E-10) ( 2.101E-12,-1.535E-11)  1.29E-07
  4.100E+00 2.30723E-19  0.000E+00 ( 7.111E-11,-4.748E-10) ( 2.243E-12,-1.496E-11)  1.00E-07
  4.200E+00 2.09654E-19  0.000E+00 ( 7.347E-11,-4.517E-10) ( 2.374E-12,-1.458E-11)  1.00E-07
  4.300E+00 1.90941E-19  0.000E+00 ( 7.540E-11,-4.302E-10) ( 2.494E-12,-1.421E-11)  1.00E-07
  4.400E+00 1.74276E-19  0.000E+00 ( 7.696E-11,-4.101E-10) ( 2.605E-12,-1.387E-11)  1.00E-07
  4.500E+00 1.59394E-19  0.000E+00 ( 7.819E-11,-3.913E-10) ( 2.707E-12,-1.353E-11)  1.00E-07
  4.600E+00 1.46071E-19  0.000E+00 ( 7.914E-11,-3.737E-10) ( 2.801E-12,-1.321E-11)  1.00E-07
  4.700E+00 1.34115E-19  0.000E+00 ( 7.985E-11,-3.572E-10) ( 2.887E-12,-1.290E-11)  1.00E-07
  4.800E+00 1.23362E-19  0.000E+00 ( 8.034E-11,-3.417E-10) ( 2.967E-12,-1.261E-11)  1.00E-07
  4.900E+00 1.13667E-19  0.000E+00 ( 8.065E-11,-3.271E-10) ( 3.040E-12,-1.232E-11)  1.00E-07
  5.000E+00 1.04909E-19  0.000E+00 ( 8.079E-11,-3.134E-10) ( 3.108E-12,-1.205E-11)  1.00E-07
  5.100E+00 9.69816E-20  0.000E+00 ( 8.079E-11,-3.005E-10) ( 3.170E-12,-1.178E-11)  1.00E-07
  5.200E+00 8.97908E-20  0.000E+00 ( 8.066E-11,-2.883E-10) ( 3.227E-12,-1.153E-11)  1.00E-07
  5.300E+00 8.32563E-20  0.000E+00 ( 8.043E-11,-2.769E-10) ( 3.280E-12,-1.128E-11)  1.00E-07
  5.400E+00 7.73074E-20  0.000E+00 ( 8.010E-11,-2.660E-10) ( 3.328E-12,-1.105E-11)  1.00E-07
  5.500E+00 7.18822E-20  0.000E+00 ( 7.970E-11,-2.557E-10) ( 3.373E-12,-1.082E-11)  1.00E-07
  5.600E+00 6.69261E-20  0.000E+00 ( 7.922E-11,-2.460E-10) ( 3.414E-12,-1.060E-11)  1.00E-07
  5.700E+00 6.23913E-20  0.000E+00 ( 7.868E-11,-2.368E-10) ( 3.451E-12,-1.038E-11)  1.00E-07
  5.800E+00 5.82355E-20  0.000E+00 ( 7.809E-11,-2.281E-10) ( 3.486E-12,-1.018E-11)  1.00E-07
  5.900E+00 5.44211E-20  0.000E+00 ( 7.746E-11,-2.198E-10) ( 3.517E-12,-9.975E-12)  1.00E-07
  6.000E+00 5.09151E-20  0.000E+00 ( 7.679E-11,-2.119E-10) ( 3.546E-12,-9.781E-12)  1.00E-07
  6.100E+00 4.76879E-20  0.000E+00 ( 7.608E-11,-2.044E-10) ( 3.572E-12,-9.594E-12)  1.00E-07
  6.200E+00 4.47134E-20  0.000E+00 ( 7.535E-11,-1.973E-10) ( 3.596E-12,-9.412E-12)  1.00E-07
  6.300E+00 4.19680E-20  0.000E+00 ( 7.460E-11,-1.905E-10) ( 3.618E-12,-9.236E-12)  1.00E-07
  6.400E+00 3.94309E-20  0.000E+00 ( 7.383E-11,-1.841E-10) ( 3.637E-12,-9.065E-12)  1.00E-07
  6.500E+00 3.70834E-20  0.000E+00 ( 7.304E-11,-1.779E-10) ( 3.655E-12,-8.899E-12)  1.00E-07
  6.600E+00 3.49087E-20  0.000E+00 ( 7.224E-11,-1.720E-10) ( 3.671E-12,-8.739E-12)  1.00E-07
  6.700E+00 3.28917E-20  0.000E+00 ( 7.143E-11,-1.664E-10) ( 3.685E-12,-8.582E-12)  1.00E-07
  6.800E+00 3.10188E-20  0.000E+00 ( 7.062E-11,-1.611E-10) ( 3.697E-12,-8.431E-12)  1.00E-07
  6.900E+00 2.92780E-20  0.000E+00 ( 6.980E-11,-1.560E-10) ( 3.709E-12,-8.283E-12)  1.00E-07
  7.000E+00 2.76580E-20  0.000E+00 ( 6.898E-11,-1.511E-10) ( 3.718E-12,-8.140E-12)  1.00E-07
  7.100E+00 2.61491E-20  0.000E+00 ( 6.816E-11,-1.464E-10) ( 3.727E-12,-8.001E-12)  1.00E-07
  7.200E+00 2.47421E-20  0.000E+00 ( 6.734E-11,-1.419E-10) ( 3.734E-12,-7.865E-12)  1.00E-07
  7.300E+00 2.34288E-20  0.000E+00 ( 6.652E-11,-1.376E-10) ( 3.740E-12,-7.733E-12)  1.00E-07
  7.400E+00 2.22019E-20  0.000E+00 ( 6.571E-11,-1.335E-10) ( 3.745E-12,-7.605E-12)  1.00E-07
  7.500E+00 2.10547E-20  0.000E+00 ( 6.490E-11,-1.295E-10) ( 3.749E-12,-7.480E-12)  1.00E-07
  7.600E+00 1.99809E-20  0.000E+00 ( 6.409E-11,-1.257E-10) ( 3.752E-12,-7.358E-12)  1.00E-07
  7.700E+00 1.89750E-20  0.000E+00 ( 6.330E-11,-1.221E-10) ( 3.755E-12,-7.239E-12)  1.00E-07
  7.800E+00 1.80319E-20  0.000E+00 ( 6.250E-11,-1.186E-10) ( 3.756E-12,-7.124E-12)  1.00E-07
  7.900E+00 1.71470E-20  0.000E+00 ( 6.172E-11,-1.152E-10) ( 3.757E-12,-7.011E-12)  1.00E-07
  8.000E+00 1.63159E-20  0.000E+00 ( 6.094E-11,-1.120E-10) ( 3.756E-12,-6.901E-12)  1.00E-07
  8.100E+00 1.55349E-20  0.000E+00 ( 6.017E-11,-1.089E-10) ( 3.756E-12,-6.794E-12)  1.00E-07
  8.200E+00 1.48002E-20  0.000E+00 ( 5.941E-11,-1.059E-10) ( 3.754E-12,-6.690E-12)  1.00E-07
  8.300E+00 1.41086E-20  0.000E+00 ( 5.866E-11,-1.030E-10) ( 3.752E-12,-6.587E-12)  1.00E-07
  8.400E+00 1.34572E-20  0.000E+00 ( 5.792E-11,-1.002E-10) ( 3.750E-12,-6.488E-12)  1.00E-07
  8.500E+00 1.28432E-20  0.000E+00 ( 5.719E-11,-9.756E-11) ( 3.746E-12,-6.391E-12)  1.00E-07
  8.600E+00 1.22639E-20  0.000E+00 ( 5.646E-11,-9.498E-11) ( 3.743E-12,-6.296E-12)  1.00E-07
  8.700E+00 1.17171E-20  0.000E+00 ( 5.575E-11,-9.250E-11) ( 3.739E-12,-6.203E-12)  1.00E-07
  8.800E+00 1.12006E-20  0.000E+00 ( 5.505E-11,-9.011E-11) ( 3.734E-12,-6.112E-12)  1.00E-07
  8.900E+00 1.07124E-20  0.000E+00 ( 5.435E-11,-8.780E-11) ( 3.729E-12,-6.023E-12)  1.00E-07
  9.000E+00 1.02506E-20  0.000E+00 ( 5.367E-11,-8.556E-11) ( 3.724E-12,-5.937E-12)  1.00E-07
  9.100E+00 9.81358E-21  0.000E+00 ( 5.299E-11,-8.341E-11) ( 3.718E-12,-5.852E-12)  1.00E-07
  9.200E+00 9.39973E-21  0.000E+00 ( 5.233E-11,-8.133E-11) ( 3.712E-12,-5.769E-12)  1.00E-07
  9.300E+00 9.00758E-21  0.000E+00 ( 5.167E-11,-7.932E-11) ( 3.706E-12,-5.688E-12)  1.00E-07
  9.400E+00 8.63579E-21  0.000E+00 ( 5.103E-11,-7.738E-11) ( 3.699E-12,-5.609E-12)  1.00E-07
  9.500E+00 8.28309E-21  0.000E+00 ( 5.039E-11,-7.550E-11) ( 3.692E-12,-5.531E-12)  1.00E-07
  9.600E+00 7.94831E-21  0.000E+00 ( 4.977E-11,-7.368E-11) ( 3.685E-12,-5.455E-12)  1.00E-07
  9.700E+00 7.63037E-21  0.000E+00 ( 4.915E-11,-7.192E-11) ( 3.677E-12,-5.381E-12)  1.00E-07
  9.800E+00 7.32825E-21  0.000E+00 ( 4.854E-11,-7.022E-11) ( 3.670E-12,-5.308E-12)  1.00E-07
  9.900E+00 7.04103E-21  0.000E+00 ( 4.794E-11,-6.857E-11) ( 3.662E-12,-5.237E-12)  1.00E-07
  1.000E+01 6.76783E-21  0.000E+00 ( 4.736E-11,-6.697E-11) ( 3.653E-12,-5.167E-12)  1.00E-07
  1.025E+01 6.14091E-21  0.000E+00 ( 4.593E-11,-6.319E-11) ( 3.632E-12,-4.999E-12)  1.00E-07
  1.050E+01 5.58533E-21  0.000E+00 ( 4.455E-11,-5.970E-11) ( 3.610E-12,-4.839E-12)  1.00E-07
  1.075E+01 5.09153E-21  0.000E+00 ( 4.323E-11,-5.646E-11) ( 3.587E-12,-4.686E-12)  1.00E-07
  1.100E+01 4.65143E-21  0.000E+00 ( 4.196E-11,-5.345E-11) ( 3.563E-12,-4.541E-12)  1.00E-07
  1.125E+01 4.25814E-21  0.000E+00 ( 4.074E-11,-5.066E-11) ( 3.539E-12,-4.402E-12)  1.00E-07
  1.150E+01 3.90580E-21  0.000E+00 ( 3.957E-11,-4.806E-11) ( 3.514E-12,-4.270E-12)  1.00E-07
  1.175E+01 3.58938E-21  0.000E+00 ( 3.844E-11,-4.563E-11) ( 3.489E-12,-4.143E-12)  1.00E-07
  1.200E+01 3.30456E-21  0.000E+00 ( 3.736E-11,-4.336E-11) ( 3.464E-12,-4.022E-12)  1.00E-07
  1.225E+01 3.04761E-21  0.000E+00 ( 3.632E-11,-4.125E-11) ( 3.438E-12,-3.906E-12)  1.00E-07
  1.250E+01 2.81532E-21  0.000E+00 ( 3.532E-11,-3.926E-11) ( 3.412E-12,-3.795E-12)  1.00E-07
  1.275E+01 2.60488E-21  0.000E+00 ( 3.436E-11,-3.741E-11) ( 3.387E-12,-3.689E-12)  1.00E-07
  1.300E+01 2.41388E-21  0.000E+00 ( 3.343E-11,-3.566E-11) ( 3.361E-12,-3.587E-12)  1.00E-07
  1.325E+01 2.24018E-21  0.000E+00 ( 3.254E-11,-3.403E-11) ( 3.335E-12,-3.489E-12)  1.00E-07
  1.350E+01 2.08193E-21  0.000E+00 ( 3.169E-11,-3.249E-11) ( 3.309E-12,-3.395E-12)  1.00E-07
  1.375E+01 1.93751E-21  0.000E+00 ( 3.086E-11,-3.104E-11) ( 3.283E-12,-3.304E-12)  1.00E-07
  1.400E+01 1.80548E-21  0.000E+00 ( 3.007E-11,-2.967E-11) ( 3.257E-12,-3.217E-12)  1.00E-07
  1.425E+01 1.68459E-21  0.000E+00 ( 2.930E-11,-2.839E-11) ( 3.232E-12,-3.133E-12)  1.00E-07
  1.450E+01 1.57372E-21  0.000E+00 ( 2.856E-11,-2.717E-11) ( 3.206E-12,-3.053E-12)  1.00E-07
  1.475E+01 1.47189E-21 -1.192E-04 ( 2.785E-11,-2.602E-11) ( 3.181E-12,-2.975E-12)  1.00E-07
  1.500E+01 1.37823E-21 -1.283E-04 ( 2.717E-11,-2.494E-11) ( 3.156E-12,-2.900E-12)  1.00E-07
  1.525E+01 1.29195E-21 -1.378E-04 ( 2.650E-11,-2.391E-11) ( 3.131E-12,-2.828E-12)  1.00E-07
  1.550E+01 1.21237E-21 -1.477E-04 ( 2.586E-11,-2.294E-11) ( 3.106E-12,-2.758E-12)  1.00E-07
  1.575E+01 1.13887E-21 -1.579E-04 ( 2.525E-11,-2.202E-11) ( 3.081E-12,-2.691E-12)  1.00E-07
  1.600E+01 1.07090E-21 -1.685E-04 ( 2.465E-11,-2.114E-11) ( 3.057E-12,-2.626E-12)  1.00E-07
  1.625E+01 1.00796E-21 -1.794E-04 ( 2.408E-11,-2.031E-11) ( 3.033E-12,-2.563E-12)  1.00E-07
  1.650E+01 9.49614E-22 -1.908E-04 ( 2.352E-11,-1.952E-11) ( 3.009E-12,-2.502E-12)  1.00E-07
  1.675E+01 8.95463E-22 -2.024E-04 ( 2.298E-11,-1.877E-11) ( 2.986E-12,-2.443E-12)  1.00E-07
  1.700E+01 8.45147E-22 -2.145E-04 ( 2.246E-11,-1.806E-11) ( 2.962E-12,-2.386E-12)  1.00E-07
  1.725E+01 7.98344E-22 -2.270E-04 ( 2.196E-11,-1.738E-11) ( 2.939E-12,-2.331E-12)  1.00E-07
  1.750E+01 7.54762E-22 -2.398E-04 ( 2.147E-11,-1.674E-11) ( 2.916E-12,-2.277E-12)  1.00E-07
  1.775E+01 7.14137E-22 -2.530E-04 ( 2.100E-11,-1.612E-11) ( 2.893E-12,-2.226E-12)  1.00E-07
  1.800E+01 6.76231E-22 -2.666E-04 ( 2.054E-11,-1.553E-11) ( 2.871E-12,-2.176E-12)  1.00E-07
  1.825E+01 6.40827E-22 -2.806E-04 ( 2.010E-11,-1.497E-11) ( 2.849E-12,-2.127E-12)  1.00E-07
  1.850E+01 6.07729E-22 -2.950E-04 ( 1.967E-11,-1.444E-11) ( 2.827E-12,-2.080E-12)  1.00E-07
  1.875E+01 5.76758E-22 -3.098E-04 ( 1.926E-11,-1.393E-11) ( 2.805E-12,-2.034E-12)  1.00E-07
  1.900E+01 5.47751E-22 -3.250E-04 ( 1.885E-11,-1.344E-11) ( 2.784E-12,-1.989E-12)  1.00E-07
  1.925E+01 5.20560E-22 -3.406E-04 ( 1.846E-11,-1.297E-11) ( 2.763E-12,-1.946E-12)  1.00E-07
  1.950E+01 4.95049E-22 -3.566E-04 ( 1.808E-11,-1.253E-11) ( 2.742E-12,-1.904E-12)  1.00E-07
  1.975E+01 4.71095E-22 -3.730E-04 ( 1.772E-11,-1.210E-11) ( 2.721E-12,-1.864E-12)  1.00E-07
  2.000E+01 4.48584E-22 -3.898E-04 ( 1.736E-11,-1.169E-11) ( 2.701E-12,-1.824E-12)  1.00E-07
  2.025E+01 4.27413E-22 -4.070E-04 ( 1.701E-11,-1.130E-11) ( 2.681E-12,-1.785E-12)  1.00E-07
  2.050E+01 4.07487E-22 -4.247E-04 ( 1.668E-11,-1.092E-11) ( 2.661E-12,-1.748E-12)  1.00E-07
  2.075E+01 3.88718E-22 -4.427E-04 ( 1.635E-11,-1.056E-11) ( 2.641E-12,-1.712E-12)  1.00E-07
  2.100E+01 3.71027E-22 -4.612E-04 ( 1.603E-11,-1.022E-11) ( 2.622E-12,-1.676E-12)  1.00E-07
  2.125E+01 3.54339E-22 -4.801E-04 ( 1.572E-11,-9.884E-12) ( 2.603E-12,-1.642E-12)  1.00E-07
  2.150E+01 3.38587E-22 -4.994E-04 ( 1.542E-11,-9.566E-12) ( 2.584E-12,-1.608E-12)  1.00E-07
  2.175E+01 3.23708E-22 -5.191E-04 ( 1.513E-11,-9.260E-12) ( 2.565E-12,-1.575E-12)  1.00E-07
  2.200E+01 3.09644E-22 -5.392E-04 ( 1.485E-11,-8.966E-12) ( 2.546E-12,-1.543E-12)  1.00E-07
  2.225E+01 2.96342E-22 -5.598E-04 ( 1.457E-11,-8.684E-12) ( 2.528E-12,-1.512E-12)  1.00E-07
  2.250E+01 2.83753E-22 -5.808E-04 ( 1.430E-11,-8.412E-12) ( 2.510E-12,-1.482E-12)  1.00E-07
  2.275E+01 2.71830E-22 -6.022E-04 ( 1.404E-11,-8.151E-12) ( 2.492E-12,-1.453E-12)  1.00E-07
  2.300E+01 2.60533E-22 -6.240E-04 ( 1.378E-11,-7.899E-12) ( 2.474E-12,-1.424E-12)  1.00E-07
  2.325E+01 2.49821E-22 -6.463E-04 ( 1.354E-11,-7.657E-12) ( 2.457E-12,-1.396E-12)  1.00E-07
  2.350E+01 2.39659E-22 -6.690E-04 ( 1.329E-11,-7.424E-12) ( 2.439E-12,-1.368E-12)  1.00E-07
  2.375E+01 2.30013E-22 -6.922E-04 ( 1.306E-11,-7.200E-12) ( 2.422E-12,-1.342E-12)  1.00E-07
  2.400E+01 2.20851E-22 -7.157E-04 ( 1.283E-11,-6.983E-12) ( 2.406E-12,-1.316E-12)  1.00E-07
  2.425E+01 2.12145E-22 -7.397E-04 ( 1.260E-11,-6.775E-12) ( 2.389E-12,-1.290E-12)  1.00E-07
  2.450E+01 2.03867E-22 -7.642E-04 ( 1.239E-11,-6.574E-12) ( 2.372E-12,-1.265E-12)  1.00E-07
  2.475E+01 1.95992E-22 -7.891E-04 ( 1.217E-11,-6.380E-12) ( 2.356E-12,-1.241E-12)  1.00E-07
  2.500E+01 1.88497E-22 -8.144E-04 ( 1.197E-11,-6.193E-12) ( 2.340E-12,-1.217E-12)  1.00E-07
  2.550E+01 1.74559E-22 -8.664E-04 ( 1.157E-11,-5.838E-12) ( 2.308E-12,-1.172E-12)  1.00E-07
  2.600E+01 1.61897E-22 -9.201E-04 ( 1.119E-11,-5.507E-12) ( 2.278E-12,-1.128E-12)  1.00E-07
  2.650E+01 1.50370E-22 -9.756E-04 ( 1.082E-11,-5.198E-12) ( 2.247E-12,-1.086E-12)  1.00E-07
  2.700E+01 1.39859E-22 -1.033E-03 ( 1.048E-11,-4.909E-12) ( 2.218E-12,-1.046E-12)  1.00E-07
  2.750E+01 1.30257E-22 -1.092E-03 ( 1.015E-11,-4.639E-12) ( 2.189E-12,-1.008E-12)  1.00E-07
  2.800E+01 1.21472E-22 -1.153E-03 ( 9.829E-12,-4.387E-12) ( 2.161E-12,-9.714E-13)  1.00E-07
  2.850E+01 1.13420E-22 -1.216E-03 ( 9.527E-12,-4.150E-12) ( 2.133E-12,-9.363E-13)  1.00E-07
  2.900E+01 1.06029E-22 -1.280E-03 ( 9.239E-12,-3.927E-12) ( 2.106E-12,-9.027E-13)  1.00E-07
  2.950E+01 9.92343E-23 -1.346E-03 ( 8.962E-12,-3.719E-12) ( 2.080E-12,-8.704E-13)  1.00E-07
  3.000E+01 9.29791E-23 -1.415E-03 ( 8.698E-12,-3.523E-12) ( 2.054E-12,-8.394E-13)  1.00E-07
  3.050E+01 8.72123E-23 -1.485E-03 ( 8.444E-12,-3.338E-12) ( 2.029E-12,-8.096E-13)  1.00E-07
  3.100E+01 8.18886E-23 -1.556E-03 ( 8.201E-12,-3.165E-12) ( 2.004E-12,-7.810E-13)  1.00E-07
  3.150E+01 7.69675E-23 -1.630E-03 ( 7.967E-12,-3.001E-12) ( 1.979E-12,-7.535E-13)  1.00E-07
  3.200E+01 7.24129E-23 -1.705E-03 ( 7.743E-12,-2.847E-12) ( 1.956E-12,-7.271E-13)  1.00E-07
  3.250E+01 6.81921E-23 -1.783E-03 ( 7.528E-12,-2.702E-12) ( 1.932E-12,-7.016E-13)  1.00E-07
  3.300E+01 6.42762E-23 -1.862E-03 ( 7.321E-12,-2.565E-12) ( 1.910E-12,-6.771E-13)  1.00E-07
  3.350E+01 6.06389E-23 -1.943E-03 ( 7.122E-12,-2.435E-12) ( 1.887E-12,-6.535E-13)  1.00E-07
  3.400E+01 5.72565E-23 -2.026E-03 ( 6.930E-12,-2.313E-12) ( 1.865E-12,-6.308E-13)  1.00E-07
  3.450E+01 5.41079E-23 -2.110E-03 ( 6.746E-12,-2.197E-12) ( 1.844E-12,-6.089E-13)  1.00E-07
  3.500E+01 5.11738E-23 -2.197E-03 ( 6.569E-12,-2.087E-12) ( 1.823E-12,-5.877E-13)  1.00E-07
  3.550E+01 4.84368E-23 -2.285E-03 ( 6.398E-12,-1.984E-12) ( 1.802E-12,-5.673E-13)  1.00E-07
  3.600E+01 4.58811E-23 -2.375E-03 ( 6.233E-12,-1.885E-12) ( 1.782E-12,-5.476E-13)  1.00E-07
  3.650E+01 4.34923E-23 -2.467E-03 ( 6.074E-12,-1.792E-12) ( 1.762E-12,-5.286E-13)  1.00E-07
  3.700E+01 4.12576E-23 -2.561E-03 ( 5.921E-12,-1.704E-12) ( 1.742E-12,-5.103E-13)  1.00E-07
  3.750E+01 3.91650E-23 -2.657E-03 ( 5.773E-12,-1.620E-12) ( 1.723E-12,-4.925E-13)  1.00E-07
  3.800E+01 3.72038E-23 -2.755E-03 ( 5.630E-12,-1.541E-12) ( 1.704E-12,-4.754E-13)  1.00E-07
  3.850E+01 3.53641E-23 -2.854E-03 ( 5.492E-12,-1.465E-12) ( 1.686E-12,-4.588E-13)  1.00E-07
  3.900E+01 3.36370E-23 -2.956E-03 ( 5.359E-12,-1.393E-12) ( 1.667E-12,-4.428E-13)  1.00E-07
  3.950E+01 3.20143E-23 -3.059E-03 ( 5.230E-12,-1.325E-12) ( 1.649E-12,-4.273E-13)  1.00E-07
  4.000E+01 3.04883E-23 -3.164E-03 ( 5.106E-12,-1.260E-12) ( 1.632E-12,-4.123E-13)  1.00E-07
  4.050E+01 2.90523E-23 -3.271E-03 ( 4.985E-12,-1.199E-12) ( 1.615E-12,-3.978E-13)  1.00E-07
  4.100E+01 2.77000E-23 -3.380E-03 ( 4.868E-12,-1.140E-12) ( 1.598E-12,-3.838E-13)  1.00E-07
  4.150E+01 2.64254E-23 -3.491E-03 ( 4.755E-12,-1.084E-12) ( 1.581E-12,-3.702E-13)  1.00E-07
  4.200E+01 2.52232E-23 -3.604E-03 ( 4.646E-12,-1.031E-12) ( 1.565E-12,-3.570E-13)  1.00E-07
  4.250E+01 2.40886E-23 -3.718E-03 ( 4.540E-12,-9.803E-13) ( 1.549E-12,-3.442E-13)  1.00E-07
  4.300E+01 2.30171E-23 -3.835E-03 ( 4.437E-12,-9.320E-13) ( 1.533E-12,-3.319E-13)  1.00E-07
  4.350E+01 2.20043E-23 -3.953E-03 ( 4.338E-12,-8.859E-13) ( 1.517E-12,-3.199E-13)  1.00E-07
  4.400E+01 2.10466E-23 -4.073E-03 ( 4.241E-12,-8.420E-13) ( 1.502E-12,-3.082E-13)  1.00E-07
  4.450E+01 2.01402E-23 -4.195E-03 ( 4.148E-12,-8.001E-13) ( 1.487E-12,-2.970E-13)  1.00E-07
  4.500E+01 1.92820E-23 -4.319E-03 ( 4.057E-12,-7.602E-13) ( 1.472E-12,-2.860E-13)  1.00E-07
  4.550E+01 1.84689E-23 -4.445E-03 ( 3.968E-12,-7.220E-13) ( 1.457E-12,-2.754E-13)  1.00E-07
  4.600E+01 1.76980E-23 -4.573E-03 ( 3.883E-12,-6.856E-13) ( 1.443E-12,-2.652E-13)  1.00E-07
  4.650E+01 1.69667E-23 -4.702E-03 ( 3.800E-12,-6.508E-13) ( 1.428E-12,-2.552E-13)  1.00E-07
  4.700E+01 1.62726E-23 -4.834E-03 ( 3.719E-12,-6.176E-13) ( 1.415E-12,-2.455E-13)  1.00E-07
  4.750E+01 1.56135E-23 -4.967E-03 ( 3.640E-12,-5.858E-13) ( 1.401E-12,-2.361E-13)  1.00E-07
  4.800E+01 1.49871E-23 -5.103E-03 ( 3.564E-12,-5.555E-13) ( 1.387E-12,-2.269E-13)  1.00E-07
  4.850E+01 1.43917E-23 -5.240E-03 ( 3.490E-12,-5.265E-13) ( 1.374E-12,-2.181E-13)  1.00E-07
  4.900E+01 1.38253E-23 -5.379E-03 ( 3.418E-12,-4.988E-13) ( 1.361E-12,-2.094E-13)  1.00E-07
  4.950E+01 1.32863E-23 -5.520E-03 ( 3.348E-12,-4.722E-13) ( 1.348E-12,-2.011E-13)  1.00E-07
  5.000E+01 1.27731E-23 -5.663E-03 ( 3.279E-12,-4.469E-13) ( 1.335E-12,-1.929E-13)  1.00E-07
  5.050E+01 1.22842E-23 -5.808E-03 ( 3.213E-12,-4.226E-13) ( 1.322E-12,-1.850E-13)  1.00E-07
  5.100E+01 1.18183E-23 -5.954E-03 ( 3.148E-12,-3.994E-13) ( 1.310E-12,-1.774E-13)  1.00E-07
  5.150E+01 1.13740E-23 -6.103E-03 ( 3.085E-12,-3.772E-13) ( 1.298E-12,-1.699E-13)  1.00E-07
  5.200E+01 1.09501E-23 -6.254E-03 ( 3.024E-12,-3.559E-13) ( 1.286E-12,-1.626E-13)  1.00E-07
  5.250E+01 1.05456E-23 -6.406E-03 ( 2.964E-12,-3.356E-13) ( 1.274E-12,-1.556E-13)  1.00E-07
  5.300E+01 1.01594E-23 -6.561E-03 ( 2.906E-12,-3.161E-13) ( 1.262E-12,-1.487E-13)  1.00E-07
  5.350E+01 9.79044E-24 -6.717E-03 ( 2.849E-12,-2.974E-13) ( 1.250E-12,-1.421E-13)  1.00E-07
  5.400E+01 9.43786E-24 -6.875E-03 ( 2.794E-12,-2.796E-13) ( 1.239E-12,-1.356E-13)  1.00E-07
  5.450E+01 9.10078E-24 -7.036E-03 ( 2.740E-12,-2.625E-13) ( 1.228E-12,-1.293E-13)  1.00E-07
  5.500E+01 8.77839E-24 -7.198E-03 ( 2.688E-12,-2.461E-13) ( 1.216E-12,-1.231E-13)  1.00E-07
  5.550E+01 8.46992E-24 -7.362E-03 ( 2.636E-12,-2.304E-13) ( 1.205E-12,-1.172E-13)  1.00E-07
  5.600E+01 8.17465E-24 -7.528E-03 ( 2.586E-12,-2.153E-13) ( 1.194E-12,-1.113E-13)  1.00E-07
  5.650E+01 7.89191E-24 -7.696E-03 ( 2.538E-12,-2.009E-13) ( 1.184E-12,-1.057E-13)  1.00E-07
  5.700E+01 7.62107E-24 -7.866E-03 ( 2.490E-12,-1.871E-13) ( 1.173E-12,-1.002E-13)  1.00E-07
  5.750E+01 7.36153E-24 -8.038E-03 ( 2.443E-12,-1.739E-13) ( 1.163E-12,-9.485E-14)  1.00E-07
  5.800E+01 7.11272E-24 -8.212E-03 ( 2.398E-12,-1.612E-13) ( 1.152E-12,-8.964E-14)  1.00E-07
  5.850E+01 6.87412E-24 -8.388E-03 ( 2.354E-12,-1.490E-13) ( 1.142E-12,-8.457E-14)  1.00E-07
  5.900E+01 6.64522E-24 -8.566E-03 ( 2.310E-12,-1.374E-13) ( 1.132E-12,-7.964E-14)  1.00E-07
  5.950E+01 6.42556E-24 -8.746E-03 ( 2.268E-12,-1.262E-13) ( 1.122E-12,-7.484E-14)  1.00E-07
  6.000E+01 6.21469E-24 -8.928E-03 ( 2.227E-12,-1.155E-13) ( 1.112E-12,-7.017E-14)  1.00E-07
  6.050E+01 6.01219E-24 -9.112E-03 ( 2.187E-12,-1.053E-13) ( 1.103E-12,-6.562E-14)  1.00E-07
  6.100E+01 5.81767E-24 -9.297E-03 ( 2.147E-12,-9.546E-14) ( 1.093E-12,-6.119E-14)  1.00E-07
  6.150E+01 5.63075E-24 -9.485E-03 ( 2.109E-12,-8.605E-14) ( 1.084E-12,-5.688E-14)  1.00E-07
  6.200E+01 5.45107E-24 -9.675E-03 ( 2.071E-12,-7.702E-14) ( 1.074E-12,-5.269E-14)  1.00E-07
  6.250E+01 5.27830E-24 -9.867E-03 ( 2.034E-12,-6.838E-14) ( 1.065E-12,-4.860E-14)  1.00E-07
  6.300E+01 5.11213E-24 -1.006E-02 ( 1.998E-12,-6.009E-14) ( 1.056E-12,-4.463E-14)  1.00E-07
  6.350E+01 4.95225E-24 -1.026E-02 ( 1.963E-12,-5.216E-14) ( 1.047E-12,-4.075E-14)  1.00E-07
  6.400E+01 4.79838E-24 -1.046E-02 ( 1.928E-12,-4.455E-14) ( 1.038E-12,-3.699E-14)  1.00E-07
  6.450E+01 4.65026E-24 -1.066E-02 ( 1.895E-12,-3.727E-14) ( 1.029E-12,-3.332E-14)  1.00E-07
  6.500E+01 4.50761E-24 -1.086E-02 ( 1.862E-12,-3.029E-14) ( 1.020E-12,-2.974E-14)  1.00E-07
  6.550E+01 4.37022E-24 -1.106E-02 ( 1.829E-12,-2.360E-14) ( 1.011E-12,-2.626E-14)  1.00E-07
  6.600E+01 4.23783E-24 -1.127E-02 ( 1.798E-12,-1.720E-14) ( 1.003E-12,-2.288E-14)  1.00E-07
  6.650E+01 4.11024E-24 -1.148E-02 ( 1.767E-12,-1.107E-14) ( 9.944E-13,-1.958E-14)  1.00E-07
  6.700E+01 3.98724E-24 -1.169E-02 ( 1.736E-12,-5.199E-15) ( 9.860E-13,-1.637E-14)  1.00E-07
  6.750E+01 3.86863E-24 -1.190E-02 ( 1.707E-12, 4.195E-16) ( 9.777E-13,-1.325E-14)  1.00E-07
  6.800E+01 3.75423E-24 -1.212E-02 ( 1.678E-12, 5.797E-15) ( 9.694E-13,-1.021E-14)  1.00E-07
  6.850E+01 3.64386E-24 -1.233E-02 ( 1.649E-12, 1.094E-14) ( 9.613E-13,-7.246E-15)  1.00E-07
  6.900E+01 3.53735E-24 -1.255E-02 ( 1.621E-12, 1.587E-14) ( 9.533E-13,-4.364E-15)  1.00E-07
  6.950E+01 3.43453E-24 -1.277E-02 ( 1.594E-12, 2.058E-14) ( 9.453E-13,-1.559E-15)  1.00E-07
  7.000E+01 3.33526E-24 -1.300E-02 ( 1.567E-12, 2.508E-14) ( 9.374E-13, 1.171E-15)  1.00E-07
  7.050E+01 3.23939E-24 -1.322E-02 ( 1.541E-12, 2.938E-14) ( 9.296E-13, 3.828E-15)  1.00E-07
  7.100E+01 3.14679E-24 -1.345E-02 ( 1.515E-12, 3.350E-14) ( 9.219E-13, 6.414E-15)  1.00E-07
  7.150E+01 3.05731E-24 -1.368E-02 ( 1.490E-12, 3.743E-14) ( 9.142E-13, 8.931E-15)  1.00E-07
  7.200E+01 2.97084E-24 -1.391E-02 ( 1.465E-12, 4.118E-14) ( 9.067E-13, 1.138E-14)  1.00E-07
  7.250E+01 2.88725E-24 -1.415E-02 ( 1.441E-12, 4.477E-14) ( 8.992E-13, 1.376E-14)  1.00E-07
  7.300E+01 2.80643E-24 -1.438E-02 ( 1.417E-12, 4.819E-14) ( 8.917E-13, 1.608E-14)  1.00E-07
  7.350E+01 2.72827E-24 -1.462E-02 ( 1.394E-12, 5.146E-14) ( 8.844E-13, 1.833E-14)  1.00E-07
  7.400E+01 2.65267E-24 -1.487E-02 ( 1.371E-12, 5.457E-14) ( 8.771E-13, 2.053E-14)  1.00E-07
  7.450E+01 2.57953E-24 -1.511E-02 ( 1.349E-12, 5.754E-14) ( 8.699E-13, 2.266E-14)  1.00E-07
  7.500E+01 2.50875E-24 -1.536E-02 ( 1.327E-12, 6.036E-14) ( 8.627E-13, 2.473E-14)  1.00E-07
  7.550E+01 2.44024E-24 -1.560E-02 ( 1.305E-12, 6.305E-14) ( 8.556E-13, 2.675E-14)  1.00E-07
  7.600E+01 2.37392E-24 -1.585E-02 ( 1.284E-12, 6.562E-14) ( 8.486E-13, 2.871E-14)  1.00E-07
  7.650E+01 2.30970E-24 -1.611E-02 ( 1.263E-12, 6.805E-14) ( 8.417E-13, 3.062E-14)  1.00E-07
  7.700E+01 2.24750E-24 -1.636E-02 ( 1.243E-12, 7.037E-14) ( 8.348E-13, 3.247E-14)  1.00E-07
  7.750E+01 2.18725E-24 -1.662E-02 ( 1.223E-12, 7.257E-14) ( 8.279E-13, 3.427E-14)  1.00E-07
  7.800E+01 2.12888E-24 -1.688E-02 ( 1.203E-12, 7.466E-14) ( 8.212E-13, 3.602E-14)  1.00E-07
  7.850E+01 2.07231E-24 -1.714E-02 ( 1.184E-12, 7.664E-14) ( 8.144E-13, 3.771E-14)  1.00E-07
  7.900E+01 2.01749E-24 -1.741E-02 ( 1.165E-12, 7.851E-14) ( 8.078E-13, 3.936E-14)  1.00E-07
  7.950E+01 1.96434E-24 -1.768E-02 ( 1.146E-12, 8.029E-14) ( 8.012E-13, 4.097E-14)  1.00E-07
  8.000E+01 1.91281E-24 -1.795E-02 ( 1.128E-12, 8.197E-14) ( 7.947E-13, 4.252E-14)  1.00E-07
  8.050E+01 1.86283E-24 -1.822E-02 ( 1.110E-12, 8.355E-14) ( 7.882E-13, 4.403E-14)  1.00E-07
  8.100E+01 1.81436E-24 -1.850E-02 ( 1.093E-12, 8.505E-14) ( 7.818E-13, 4.549E-14)  1.00E-07
  8.150E+01 1.76733E-24 -1.877E-02 ( 1.075E-12, 8.646E-14) ( 7.754E-13, 4.692E-14)  1.00E-07
  8.200E+01 1.72171E-24 -1.905E-02 ( 1.058E-12, 8.779E-14) ( 7.691E-13, 4.829E-14)  1.00E-07
  8.250E+01 1.67743E-24 -1.934E-02 ( 1.042E-12, 8.904E-14) ( 7.628E-13, 4.963E-14)  1.00E-07
  8.300E+01 1.63445E-24 -1.962E-02 ( 1.025E-12, 9.021E-14) ( 7.566E-13, 5.093E-14)  1.00E-07
  8.350E+01 1.59273E-24 -1.991E-02 ( 1.009E-12, 9.131E-14) ( 7.504E-13, 5.218E-14)  1.00E-07
  8.400E+01 1.55222E-24 -2.020E-02 ( 9.934E-13, 9.233E-14) ( 7.443E-13, 5.340E-14)  1.00E-07
  8.450E+01 1.51288E-24 -2.050E-02 ( 9.779E-13, 9.329E-14) ( 7.382E-13, 5.457E-14)  1.00E-07
  8.500E+01 1.47468E-24 -2.079E-02 ( 9.626E-13, 9.418E-14) ( 7.322E-13, 5.571E-14)  1.00E-07
  8.550E+01 1.43756E-24 -2.109E-02 ( 9.476E-13, 9.500E-14) ( 7.263E-13, 5.682E-14)  1.00E-07
  8.600E+01 1.40151E-24 -2.139E-02 ( 9.328E-13, 9.577E-14) ( 7.203E-13, 5.788E-14)  1.00E-07
  8.650E+01 1.36647E-24 -2.170E-02 ( 9.183E-13, 9.647E-14) ( 7.145E-13, 5.891E-14)  1.00E-07
  8.700E+01 1.33242E-24 -2.201E-02 ( 9.040E-13, 9.712E-14) ( 7.086E-13, 5.991E-14)  1.00E-07
  8.750E+01 1.29932E-24 -2.232E-02 ( 8.900E-13, 9.771E-14) ( 7.028E-13, 6.087E-14)  1.00E-07
  8.800E+01 1.26715E-24 -2.263E-02 ( 8.762E-13, 9.825E-14) ( 6.971E-13, 6.180E-14)  1.00E-07
  8.850E+01 1.23586E-24 -2.295E-02 ( 8.626E-13, 9.874E-14) ( 6.914E-13, 6.270E-14)  1.00E-07
  8.900E+01 1.20544E-24 -2.327E-02 ( 8.493E-13, 9.918E-14) ( 6.857E-13, 6.357E-14)  1.00E-07
  8.950E+01 1.17586E-24 -2.359E-02 ( 8.362E-13, 9.957E-14) ( 6.801E-13, 6.440E-14)  1.00E-07
  9.000E+01 1.14708E-24 -2.392E-02 ( 8.233E-13, 9.992E-14) ( 6.746E-13, 6.520E-14)  1.00E-07
  9.050E+01 1.11908E-24 -2.425E-02 ( 8.106E-13, 1.002E-13) ( 6.690E-13, 6.598E-14)  1.00E-07
  9.100E+01 1.09184E-24 -2.458E-02 ( 7.981E-13, 1.005E-13) ( 6.635E-13, 6.672E-14)  1.00E-07
  9.150E+01 1.06534E-24 -2.491E-02 ( 7.859E-13, 1.007E-13) ( 6.581E-13, 6.744E-14)  1.00E-07
  9.200E+01 1.03954E-24 -2.525E-02 ( 7.738E-13, 1.009E-13) ( 6.527E-13, 6.812E-14)  1.00E-07
  9.250E+01 1.01443E-24 -2.559E-02 ( 7.619E-13, 1.010E-13) ( 6.473E-13, 6.878E-14)  1.00E-07
  9.300E+01 9.89989E-25 -2.594E-02 ( 7.502E-13, 1.011E-13) ( 6.420E-13, 6.941E-14)  1.00E-07
  9.350E+01 9.66191E-25 -2.628E-02 ( 7.387E-13, 1.012E-13) ( 6.367E-13, 7.002E-14)  1.00E-07
  9.400E+01 9.43018E-25 -2.664E-02 ( 7.274E-13, 1.012E-13) ( 6.314E-13, 7.060E-14)  1.00E-07
  9.450E+01 9.20452E-25 -2.699E-02 ( 7.163E-13, 1.012E-13) ( 6.262E-13, 7.115E-14)  1.00E-07
  9.500E+01 8.98473E-25 -2.735E-02 ( 7.053E-13, 1.012E-13) ( 6.210E-13, 7.168E-14)  1.00E-07
  9.550E+01 8.77064E-25 -2.771E-02 ( 6.945E-13, 1.011E-13) ( 6.158E-13, 7.219E-14)  1.00E-07
  9.600E+01 8.56207E-25 -2.807E-02 ( 6.839E-13, 1.011E-13) ( 6.107E-13, 7.267E-14)  1.00E-07
  9.650E+01 8.35886E-25 -2.844E-02 ( 6.735E-13, 1.009E-13) ( 6.056E-13, 7.312E-14)  1.00E-07
  9.700E+01 8.16084E-25 -2.882E-02 ( 6.632E-13, 1.008E-13) ( 6.005E-13, 7.355E-14)  1.00E-07
  9.750E+01 7.96787E-25 -2.919E-02 ( 6.531E-13, 1.006E-13) ( 5.955E-13, 7.396E-14)  1.00E-07
  9.800E+01 7.77978E-25 -2.957E-02 ( 6.431E-13, 1.005E-13) ( 5.905E-13, 7.435E-14)  1.00E-07
  9.850E+01 7.59645E-25 -2.995E-02 ( 6.333E-13, 1.002E-13) ( 5.856E-13, 7.472E-14)  1.00E-07
  9.900E+01 7.41772E-25 -3.034E-02 ( 6.237E-13, 1.000E-13) ( 5.807E-13, 7.506E-14)  1.00E-07
  9.950E+01 7.24346E-25 -3.073E-02 ( 6.142E-13, 9.975E-14) ( 5.758E-13, 7.539E-14)  1.00E-07
  1.000E+02 7.07355E-25 -3.113E-02 ( 6.048E-13, 9.947E-14) ( 5.709E-13, 7.569E-14)  1.00E-07
  1.005E+02 6.90785E-25 -3.153E-02 ( 5.956E-13, 9.917E-14) ( 5.661E-13, 7.597E-14)  1.00E-07
  1.010E+02 6.74625E-25 -3.193E-02 ( 5.865E-13, 9.885E-14) ( 5.613E-13, 7.623E-14)  1.00E-07
  1.015E+02 6.58862E-25 -3.234E-02 ( 5.776E-13, 9.852E-14) ( 5.565E-13, 7.647E-14)  1.00E-07
  1.020E+02 6.43486E-25 -3.275E-02 ( 5.688E-13, 9.817E-14) ( 5.517E-13, 7.670E-14)  1.00E-07
  1.025E+02 6.28485E-25 -3.316E-02 ( 5.601E-13, 9.780E-14) ( 5.470E-13, 7.690E-14)  1.00E-07
  1.030E+02 6.13850E-25 -3.358E-02 ( 5.516E-13, 9.741E-14) ( 5.423E-13, 7.709E-14)  1.00E-07
  1.035E+02 5.99568E-25 -3.401E-02 ( 5.432E-13, 9.701E-14) ( 5.377E-13, 7.725E-14)  1.00E-07
  1.040E+02 5.85632E-25 -3.444E-02 ( 5.349E-13, 9.660E-14) ( 5.331E-13, 7.740E-14)  1.00E-07
  1.045E+02 5.72030E-25 -3.487E-02 ( 5.268E-13, 9.617E-14) ( 5.284E-13, 7.753E-14)  1.00E-07
  1.050E+02 5.58754E-25 -3.531E-02 ( 5.188E-13, 9.572E-14) ( 5.239E-13, 7.765E-14)  1.00E-07
  1.055E+02 5.45795E-25 -3.575E-02 ( 5.109E-13, 9.527E-14) ( 5.193E-13, 7.775E-14)  1.00E-07
  1.060E+02 5.33144E-25 -3.620E-02 ( 5.031E-13, 9.480E-14) ( 5.148E-13, 7.783E-14)  1.00E-07
  1.065E+02 5.20792E-25 -3.665E-02 ( 4.954E-13, 9.432E-14) ( 5.103E-13, 7.789E-14)  1.00E-07
  1.070E+02 5.08732E-25 -3.710E-02 ( 4.879E-13, 9.383E-14) ( 5.058E-13, 7.794E-14)  1.00E-07
  1.075E+02 4.96955E-25 -3.757E-02 ( 4.804E-13, 9.333E-14) ( 5.014E-13, 7.797E-14)  1.00E-07
  1.080E+02 4.85454E-25 -3.803E-02 ( 4.731E-13, 9.282E-14) ( 4.969E-13, 7.799E-14)  1.00E-07
  1.085E+02 4.74222E-25 -3.850E-02 ( 4.659E-13, 9.231E-14) ( 4.925E-13, 7.799E-14)  1.00E-07
  1.090E+02 4.63251E-25 -3.898E-02 ( 4.588E-13, 9.178E-14) ( 4.882E-13, 7.798E-14)  1.00E-07
  1.095E+02 4.52534E-25 -3.946E-02 ( 4.517E-13, 9.124E-14) ( 4.838E-13, 7.795E-14)  1.00E-07
  1.100E+02 4.42065E-25 -3.995E-02 ( 4.448E-13, 9.070E-14) ( 4.795E-13, 7.791E-14)  1.00E-07
  1.105E+02 4.31837E-25 -4.044E-02 ( 4.380E-13, 9.015E-14) ( 4.752E-13, 7.785E-14)  1.00E-07
  1.110E+02 4.21844E-25 -4.094E-02 ( 4.313E-13, 8.959E-14) ( 4.709E-13, 7.778E-14)  1.00E-07
  1.115E+02 4.12080E-25 -4.145E-02 ( 4.247E-13, 8.903E-14) ( 4.666E-13, 7.770E-14)  1.00E-07
  1.120E+02 4.02538E-25 -4.196E-02 ( 4.182E-13, 8.845E-14) ( 4.624E-13, 7.760E-14)  1.00E-07
  1.125E+02 3.93213E-25 -4.247E-02 ( 4.118E-13, 8.788E-14) ( 4.581E-13, 7.749E-14)  1.00E-07
  1.130E+02 3.84099E-25 -4.299E-02 ( 4.055E-13, 8.730E-14) ( 4.539E-13, 7.737E-14)  1.00E-07
  1.135E+02 3.75192E-25 -4.352E-02 ( 3.993E-13, 8.671E-14) ( 4.498E-13, 7.723E-14)  1.00E-07
  1.140E+02 3.66485E-25 -4.405E-02 ( 3.931E-13, 8.612E-14) ( 4.456E-13, 7.708E-14)  1.00E-07
  1.145E+02 3.57973E-25 -4.459E-02 ( 3.871E-13, 8.552E-14) ( 4.415E-13, 7.692E-14)  1.00E-07
  1.150E+02 3.49653E-25 -4.514E-02 ( 3.811E-13, 8.492E-14) ( 4.374E-13, 7.674E-14)  1.00E-07
  1.155E+02 3.41518E-25 -4.569E-02 ( 3.753E-13, 8.432E-14) ( 4.333E-13, 7.656E-14)  1.00E-07
  1.160E+02 3.33564E-25 -4.625E-02 ( 3.695E-13, 8.372E-14) ( 4.292E-13, 7.636E-14)  1.00E-07
  1.165E+02 3.25787E-25 -4.682E-02 ( 3.638E-13, 8.311E-14) ( 4.251E-13, 7.615E-14)  1.00E-07
  1.170E+02 3.18182E-25 -4.739E-02 ( 3.582E-13, 8.250E-14) ( 4.211E-13, 7.593E-14)  1.00E-07
  1.175E+02 3.10745E-25 -4.797E-02 ( 3.527E-13, 8.188E-14) ( 4.171E-13, 7.570E-14)  1.00E-07
  1.180E+02 3.03472E-25 -4.856E-02 ( 3.472E-13, 8.127E-14) ( 4.131E-13, 7.546E-14)  1.00E-07
  1.185E+02 2.96359E-25 -4.915E-02 ( 3.418E-13, 8.065E-14) ( 4.091E-13, 7.521E-14)  1.00E-07
  1.190E+02 2.89402E-25 -4.976E-02 ( 3.365E-13, 8.003E-14) ( 4.051E-13, 7.494E-14)  1.00E-07
  1.195E+02 2.82597E-25 -5.037E-02 ( 3.313E-13, 7.941E-14) ( 4.012E-13, 7.467E-14)  1.00E-07
  1.200E+02 2.75940E-25 -5.098E-02 ( 3.262E-13, 7.879E-14) ( 3.972E-13, 7.438E-14)  1.00E-07
  1.205E+02 2.69429E-25 -5.161E-02 ( 3.211E-13, 7.817E-14) ( 3.933E-13, 7.409E-14)  1.00E-07
  1.210E+02 2.63058E-25 -5.224E-02 ( 3.161E-13, 7.754E-14) ( 3.894E-13, 7.379E-14)  1.00E-07
  1.215E+02 2.56826E-25 -5.288E-02 ( 3.112E-13, 7.692E-14) ( 3.856E-13, 7.347E-14)  1.00E-07
  1.220E+02 2.50729E-25 -5.353E-02 ( 3.064E-13, 7.630E-14) ( 3.817E-13, 7.315E-14)  1.00E-07
  1.225E+02 2.44763E-25 -5.419E-02 ( 3.016E-13, 7.568E-14) ( 3.778E-13, 7.282E-14)  1.00E-07
  1.230E+02 2.38926E-25 -5.486E-02 ( 2.969E-13, 7.505E-14) ( 3.740E-13, 7.247E-14)  1.00E-07
  1.235E+02 2.33214E-25 -5.554E-02 ( 2.923E-13, 7.443E-14) ( 3.702E-13, 7.212E-14)  1.00E-07
  1.240E+02 2.27625E-25 -5.622E-02 ( 2.877E-13, 7.381E-14) ( 3.664E-13, 7.176E-14)  1.00E-07
  1.245E+02 2.22156E-25 -5.692E-02 ( 2.832E-13, 7.319E-14) ( 3.626E-13, 7.139E-14)  1.00E-07
  1.250E+02 2.16804E-25 -5.762E-02 ( 2.788E-13, 7.258E-14) ( 3.589E-13, 7.102E-14)  1.00E-07
  1.255E+02 2.11566E-25 -5.833E-02 ( 2.744E-13, 7.196E-14) ( 3.551E-13, 7.063E-14)  1.00E-07
  1.260E+02 2.06440E-25 -5.906E-02 ( 2.701E-13, 7.134E-14) ( 3.514E-13, 7.024E-14)  1.00E-07
  1.265E+02 2.01422E-25 -5.979E-02 ( 2.659E-13, 7.073E-14) ( 3.476E-13, 6.983E-14)  1.00E-07
  1.270E+02 1.96512E-25 -6.054E-02 ( 2.617E-13, 7.012E-14) ( 3.439E-13, 6.942E-14)  1.00E-07
  1.275E+02 1.91706E-25 -6.129E-02 ( 2.576E-13, 6.951E-14) ( 3.402E-13, 6.900E-14)  1.00E-07
  1.280E+02 1.87002E-25 -6.206E-02 ( 2.535E-13, 6.890E-14) ( 3.366E-13, 6.858E-14)  1.00E-07
  1.285E+02 1.82397E-25 -6.283E-02 ( 2.495E-13, 6.830E-14) ( 3.329E-13, 6.814E-14)  1.00E-07
  1.290E+02 1.77890E-25 -6.362E-02 ( 2.456E-13, 6.769E-14) ( 3.292E-13, 6.770E-14)  1.00E-07
  1.295E+02 1.73478E-25 -6.442E-02 ( 2.417E-13, 6.709E-14) ( 3.256E-13, 6.725E-14)  1.00E-07
  1.300E+02 1.69160E-25 -6.523E-02 ( 2.379E-13, 6.650E-14) ( 3.220E-13, 6.680E-14)  1.00E-07
  1.305E+02 1.64933E-25 -6.606E-02 ( 2.342E-13, 6.590E-14) ( 3.184E-13, 6.633E-14)  1.00E-07
  1.310E+02 1.60794E-25 -6.689E-02 ( 2.305E-13, 6.531E-14) ( 3.148E-13, 6.586E-14)  1.00E-07
  1.315E+02 1.56744E-25 -6.774E-02 ( 2.268E-13, 6.472E-14) ( 3.112E-13, 6.539E-14)  1.00E-07
  1.320E+02 1.52778E-25 -6.860E-02 ( 2.232E-13, 6.414E-14) ( 3.076E-13, 6.490E-14)  1.00E-07
  1.325E+02 1.48896E-25 -6.948E-02 ( 2.197E-13, 6.356E-14) ( 3.040E-13, 6.441E-14)  1.00E-07
  1.330E+02 1.45096E-25 -7.037E-02 ( 2.162E-13, 6.298E-14) ( 3.005E-13, 6.391E-14)  1.00E-07
  1.335E+02 1.41376E-25 -7.127E-02 ( 2.128E-13, 6.240E-14) ( 2.970E-13, 6.341E-14)  1.00E-07
  1.340E+02 1.37735E-25 -7.219E-02 ( 2.094E-13, 6.183E-14) ( 2.934E-13, 6.290E-14)  1.00E-07
  1.345E+02 1.34170E-25 -7.312E-02 ( 2.061E-13, 6.127E-14) ( 2.899E-13, 6.238E-14)  1.00E-07
  1.350E+02 1.30680E-25 -7.407E-02 ( 2.028E-13, 6.071E-14) ( 2.864E-13, 6.186E-14)  1.00E-07
  1.355E+02 1.27264E-25 -7.503E-02 ( 1.996E-13, 6.015E-14) ( 2.829E-13, 6.133E-14)  1.00E-07
  1.360E+02 1.23920E-25 -7.601E-02 ( 1.964E-13, 5.959E-14) ( 2.794E-13, 6.080E-14)  1.00E-07
  1.365E+02 1.20647E-25 -7.700E-02 ( 1.933E-13, 5.904E-14) ( 2.760E-13, 6.026E-14)  1.00E-07
  1.370E+02 1.17443E-25 -7.801E-02 ( 1.903E-13, 5.850E-14) ( 2.725E-13, 5.971E-14)  1.00E-07
  1.375E+02 1.14306E-25 -7.903E-02 ( 1.872E-13, 5.796E-14) ( 2.691E-13, 5.916E-14)  1.00E-07
  1.380E+02 1.11236E-25 -8.008E-02 ( 1.843E-13, 5.742E-14) ( 2.656E-13, 5.860E-14)  1.00E-07
  1.385E+02 1.08231E-25 -8.114E-02 ( 1.813E-13, 5.689E-14) ( 2.622E-13, 5.804E-14)  1.00E-07
  1.390E+02 1.05290E-25 -8.222E-02 ( 1.785E-13, 5.636E-14) ( 2.588E-13, 5.747E-14)  1.00E-07
  1.395E+02 1.02411E-25 -8.332E-02 ( 1.756E-13, 5.584E-14) ( 2.554E-13, 5.690E-14)  1.00E-07
  1.400E+02 9.95942E-26 -8.443E-02 ( 1.728E-13, 5.532E-14) ( 2.520E-13, 5.632E-14)  1.00E-07
  1.405E+02 9.68371E-26 -8.557E-02 ( 1.701E-13, 5.481E-14) ( 2.486E-13, 5.574E-14)  1.00E-07
  1.410E+02 9.41389E-26 -8.673E-02 ( 1.674E-13, 5.430E-14) ( 2.452E-13, 5.515E-14)  1.00E-07
  1.415E+02 9.14986E-26 -8.790E-02 ( 1.648E-13, 5.380E-14) ( 2.418E-13, 5.456E-14)  1.00E-07
  1.420E+02 8.89150E-26 -8.910E-02 ( 1.622E-13, 5.330E-14) ( 2.385E-13, 5.396E-14)  1.00E-07
  1.425E+02 8.63871E-26 -9.032E-02 ( 1.596E-13, 5.281E-14) ( 2.351E-13, 5.336E-14)  1.00E-07
  1.430E+02 8.39139E-26 -9.156E-02 ( 1.571E-13, 5.232E-14) ( 2.318E-13, 5.275E-14)  1.00E-07
  1.435E+02 8.14942E-26 -9.282E-02 ( 1.546E-13, 5.184E-14) ( 2.284E-13, 5.214E-14)  1.00E-07
  1.440E+02 7.91272E-26 -9.411E-02 ( 1.522E-13, 5.137E-14) ( 2.251E-13, 5.152E-14)  1.00E-07
  1.445E+02 7.68118E-26 -9.542E-02 ( 1.498E-13, 5.090E-14) ( 2.218E-13, 5.090E-14)  1.00E-07
  1.450E+02 7.45471E-26 -9.675E-02 ( 1.474E-13, 5.043E-14) ( 2.185E-13, 5.028E-14)  1.00E-07
  1.455E+02 7.23323E-26 -9.811E-02 ( 1.451E-13, 4.997E-14) ( 2.152E-13, 4.965E-14)  1.00E-07
  1.460E+02 7.01663E-26 -9.949E-02 ( 1.429E-13, 4.952E-14) ( 2.119E-13, 4.901E-14)  1.00E-07
  1.465E+02 6.80484E-26 -1.009E-01 ( 1.406E-13, 4.907E-14) ( 2.086E-13, 4.838E-14)  1.00E-07
  1.470E+02 6.59777E-26 -1.023E-01 ( 1.385E-13, 4.863E-14) ( 2.053E-13, 4.774E-14)  1.00E-07
  1.475E+02 6.39534E-26 -1.038E-01 ( 1.363E-13, 4.819E-14) ( 2.021E-13, 4.709E-14)  1.00E-07
  1.480E+02 6.19747E-26 -1.053E-01 ( 1.342E-13, 4.776E-14) ( 1.988E-13, 4.644E-14)  1.00E-07
  1.485E+02 6.00407E-26 -1.068E-01 ( 1.321E-13, 4.734E-14) ( 1.956E-13, 4.579E-14)  1.00E-07
  1.490E+02 5.81508E-26 -1.083E-01 ( 1.301E-13, 4.692E-14) ( 1.923E-13, 4.513E-14)  1.00E-07
  1.495E+02 5.63042E-26 -1.099E-01 ( 1.281E-13, 4.650E-14) ( 1.891E-13, 4.448E-14)  1.00E-07
  1.500E+02 5.45003E-26 -1.115E-01 ( 1.262E-13, 4.610E-14) ( 1.858E-13, 4.381E-14)  1.00E-07
  1.505E+02 5.27381E-26 -1.131E-01 ( 1.243E-13, 4.570E-14) ( 1.826E-13, 4.315E-14)  1.00E-07
  1.510E+02 5.10173E-26 -1.148E-01 ( 1.224E-13, 4.530E-14) ( 1.794E-13, 4.248E-14)  1.00E-07
  1.515E+02 4.93369E-26 -1.165E-01 ( 1.206E-13, 4.491E-14) ( 1.762E-13, 4.180E-14)  1.00E-07
  1.520E+02 4.76965E-26 -1.182E-01 ( 1.188E-13, 4.453E-14) ( 1.730E-13, 4.113E-14)  1.00E-07
  1.525E+02 4.60953E-26 -1.199E-01 ( 1.170E-13, 4.416E-14) ( 1.698E-13, 4.045E-14)  1.00E-07
  1.530E+02 4.45328E-26 -1.217E-01 ( 1.153E-13, 4.379E-14) ( 1.666E-13, 3.976E-14)  1.00E-07
  1.535E+02 4.30084E-26 -1.235E-01 ( 1.136E-13, 4.342E-14) ( 1.634E-13, 3.908E-14)  1.00E-07
  1.540E+02 4.15214E-26 -1.253E-01 ( 1.119E-13, 4.306E-14) ( 1.602E-13, 3.839E-14)  1.00E-07
  1.545E+02 4.00715E-26 -1.272E-01 ( 1.103E-13, 4.271E-14) ( 1.570E-13, 3.770E-14)  1.00E-07
  1.550E+02 3.86579E-26 -1.291E-01 ( 1.087E-13, 4.237E-14) ( 1.539E-13, 3.700E-14)  1.00E-07
  1.555E+02 3.72802E-26 -1.310E-01 ( 1.072E-13, 4.203E-14) ( 1.507E-13, 3.631E-14)  1.00E-07
  1.560E+02 3.59378E-26 -1.330E-01 ( 1.057E-13, 4.170E-14) ( 1.475E-13, 3.561E-14)  1.00E-07
  1.565E+02 3.46303E-26 -1.350E-01 ( 1.042E-13, 4.137E-14) ( 1.444E-13, 3.490E-14)  1.00E-07
  1.570E+02 3.33572E-26 -1.370E-01 ( 1.027E-13, 4.105E-14) ( 1.412E-13, 3.420E-14)  1.00E-07
  1.575E+02 3.21179E-26 -1.390E-01 ( 1.013E-13, 4.074E-14) ( 1.381E-13, 3.349E-14)  1.00E-07
  1.580E+02 3.09121E-26 -1.410E-01 ( 9.996E-14, 4.044E-14) ( 1.349E-13, 3.278E-14)  1.00E-07
  1.585E+02 2.97393E-26 -1.431E-01 ( 9.862E-14, 4.014E-14) ( 1.318E-13, 3.207E-14)  1.00E-07
  1.590E+02 2.85991E-26 -1.452E-01 ( 9.731E-14, 3.984E-14) ( 1.287E-13, 3.136E-14)  1.00E-07
  1.595E+02 2.74910E-26 -1.473E-01 ( 9.603E-14, 3.956E-14) ( 1.256E-13, 3.064E-14)  1.00E-07
  1.600E+02 2.64147E-26 -1.494E-01 ( 9.479E-14, 3.928E-14) ( 1.224E-13, 2.992E-14)  1.00E-07
  1.605E+02 2.53698E-26 -1.515E-01 ( 9.359E-14, 3.900E-14) ( 1.193E-13, 2.920E-14)  1.00E-07
  1.610E+02 2.43558E-26 -1.536E-01 ( 9.241E-14, 3.874E-14) ( 1.162E-13, 2.848E-14)  1.00E-07
  1.615E+02 2.33725E-26 -1.557E-01 ( 9.127E-14, 3.848E-14) ( 1.131E-13, 2.775E-14)  1.00E-07
  1.620E+02 2.24194E-26 -1.578E-01 ( 9.016E-14, 3.823E-14) ( 1.100E-13, 2.702E-14)  1.00E-07
  1.625E+02 2.14962E-26 -1.598E-01 ( 8.908E-14, 3.798E-14) ( 1.069E-13, 2.629E-14)  1.00E-07
  1.630E+02 2.06026E-26 -1.618E-01 ( 8.803E-14, 3.774E-14) ( 1.038E-13, 2.556E-14)  1.00E-07
  1.635E+02 1.97383E-26 -1.638E-01 ( 8.702E-14, 3.751E-14) ( 1.007E-13, 2.483E-14)  1.00E-07
  1.640E+02 1.89029E-26 -1.657E-01 ( 8.604E-14, 3.728E-14) ( 9.762E-14, 2.410E-14)  1.00E-07
  1.645E+02 1.80962E-26 -1.676E-01 ( 8.509E-14, 3.706E-14) ( 9.454E-14, 2.336E-14)  1.00E-07
  1.650E+02 1.73179E-26 -1.693E-01 ( 8.417E-14, 3.685E-14) ( 9.145E-14, 2.262E-14)  1.00E-07
  1.655E+02 1.65677E-26 -1.710E-01 ( 8.328E-14, 3.665E-14) ( 8.838E-14, 2.188E-14)  1.00E-07
  1.660E+02 1.58453E-26 -1.725E-01 ( 8.243E-14, 3.645E-14) ( 8.530E-14, 2.114E-14)  1.00E-07
  1.665E+02 1.51505E-26 -1.738E-01 ( 8.160E-14, 3.626E-14) ( 8.223E-14, 2.040E-14)  1.00E-07
  1.670E+02 1.44830E-26 -1.750E-01 ( 8.081E-14, 3.607E-14) ( 7.916E-14, 1.966E-14)  1.00E-07
  1.675E+02 1.38426E-26 -1.759E-01 ( 8.004E-14, 3.589E-14) ( 7.609E-14, 1.891E-14)  1.00E-07
  1.680E+02 1.32291E-26 -1.766E-01 ( 7.931E-14, 3.572E-14) ( 7.303E-14, 1.816E-14)  1.00E-07
  1.685E+02 1.26422E-26 -1.770E-01 ( 7.861E-14, 3.556E-14) ( 6.996E-14, 1.742E-14)  1.00E-07
  1.690E+02 1.20818E-26 -1.770E-01 ( 7.794E-14, 3.540E-14) ( 6.690E-14, 1.667E-14)  1.00E-07
  1.695E+02 1.15477E-26 -1.767E-01 ( 7.730E-14, 3.525E-14) ( 6.385E-14, 1.592E-14)  1.00E-07
  1.700E+02 1.10396E-26 -1.759E-01 ( 7.669E-14, 3.511E-14) ( 6.079E-14, 1.517E-14)  1.00E-07
  1.705E+02 1.05574E-26 -1.747E-01 ( 7.611E-14, 3.497E-14) ( 5.774E-14, 1.441E-14)  1.00E-07
  1.710E+02 1.01009E-26 -1.729E-01 ( 7.556E-14, 3.484E-14) ( 5.469E-14, 1.366E-14)  1.00E-07
  1.715E+02 9.67003E-27 -1.705E-01 ( 7.504E-14, 3.472E-14) ( 5.164E-14, 1.291E-14)  1.00E-07
  1.720E+02 9.26453E-27 -1.674E-01 ( 7.455E-14, 3.460E-14) ( 4.859E-14, 1.215E-14)  1.00E-07
  1.725E+02 8.88432E-27 -1.636E-01 ( 7.409E-14, 3.449E-14) ( 4.555E-14, 1.140E-14)  1.00E-07
  1.730E+02 8.52924E-27 -1.590E-01 ( 7.367E-14, 3.439E-14) ( 4.250E-14, 1.064E-14)  1.00E-07
  1.735E+02 8.19918E-27 -1.535E-01 ( 7.327E-14, 3.430E-14) ( 3.946E-14, 9.884E-15)  1.00E-07
  1.740E+02 7.89402E-27 -1.471E-01 ( 7.290E-14, 3.421E-14) ( 3.642E-14, 9.126E-15)  1.00E-07
  1.745E+02 7.61367E-27 -1.398E-01 ( 7.256E-14, 3.413E-14) ( 3.338E-14, 8.367E-15)  1.00E-07
  1.750E+02 7.35801E-27 -1.315E-01 ( 7.225E-14, 3.406E-14) ( 3.034E-14, 7.609E-15)  1.00E-07
  1.755E+02 7.12697E-27 -1.221E-01 ( 7.197E-14, 3.399E-14) ( 2.731E-14, 6.849E-15)  1.00E-07
  1.760E+02 6.92046E-27 -1.118E-01 ( 7.172E-14, 3.393E-14) ( 2.427E-14, 6.089E-15)  1.00E-07
  1.765E+02 6.73842E-27 -1.004E-01 ( 7.149E-14, 3.388E-14) ( 2.123E-14, 5.329E-15)  1.00E-07
  1.770E+02 6.58077E-27 -8.812E-02 ( 7.130E-14, 3.383E-14) ( 1.820E-14, 4.568E-15)  1.00E-07
  1.775E+02 6.44747E-27 -7.494E-02 ( 7.114E-14, 3.379E-14) ( 1.517E-14, 3.807E-15)  1.00E-07
  1.780E+02 6.33846E-27 -6.098E-02 ( 7.101E-14, 3.376E-14) ( 1.213E-14, 3.046E-15)  1.00E-07
  1.785E+02 6.25372E-27 -4.635E-02 ( 7.091E-14, 3.374E-14) ( 9.098E-15, 2.285E-15)  1.00E-07
  1.790E+02 6.19321E-27 -3.120E-02 ( 7.083E-14, 3.372E-14) ( 6.065E-15, 1.523E-15)  1.00E-07
  1.795E+02 6.15692E-27 -1.569E-02 ( 7.079E-14, 3.371E-14) ( 3.033E-15, 7.617E-16)  1.00E-07
  1.800E+02 6.14482E-27 -2.206E-16 ( 7.077E-14, 3.370E-14) ( 4.256E-29, 1.069E-29)  1.00E-07

  **** DPWA0 ENDED ************************************************************

