

  **** PARTIAL WAVE ANALYSIS (DPWA0) ******************************************


  KINETIC ENERGY = 3.70000E+06 eV

  ONLY INNER PHASE SHIFTS ARE TABULATED

      L       PHASE(SPIN UP)     PHASE(SPIN DOWN)
  -----------------------------------------------
       0     -3.28748651E-05      0.00000000E+00
       1     -6.30456715E-09     -2.57775945E-05
       2     -1.05054599E-12     -4.94141048E-09
       3      0.00000000E+00     -8.23136966E-13
       4      0.00000000E+00      0.00000000E+00
       5      0.00000000E+00      0.00000000E+00
       6      0.00000000E+00      0.00000000E+00
       7      0.00000000E+00      0.00000000E+00
       8      0.00000000E+00      0.00000000E+00
       9      0.00000000E+00      0.00000000E+00
      10      0.00000000E+00      0.00000000E+00
      11      0.00000000E+00      0.00000000E+00


  *** SCATTERING AMPLITUDES AND DIFFERENTIAL CROSS SECTION ***

    ANGLE      DCS       ASYMMETRY    DIRECT AMPLITUDE       SPIN-FLIP AMPLITUDE     ERROR
    (deg)   (cm**2/sr)                      (cm)                    (cm)
  -------------------------------------------------------------------------------------------
  0.000E+00 1.00000E-45  0.000E+00 ( 0.000E+00, 0.000E+00) ( 0.000E+00, 0.000E+00)  1.00E+00
  1.000E-04 1.00000E-45  0.000E+00 ( 0.000E+00, 0.000E+00) ( 0.000E+00, 0.000E+00)  1.00E+00
  1.250E-04 1.00000E-45  0.000E+00 ( 0.000E+00, 0.000E+00) ( 0.000E+00, 0.000E+00)  1.00E+00
  1.500E-04 1.00000E-45  0.000E+00 ( 0.000E+00, 0.000E+00) ( 0.000E+00, 0.000E+00)  1.00E+00
  1.750E-04 1.00000E-45  0.000E+00 ( 0.000E+00, 0.000E+00) ( 0.000E+00, 0.000E+00)  1.00E+00
  2.000E-04 1.00000E-45  0.000E+00 ( 0.000E+00, 0.000E+00) ( 0.000E+00, 0.000E+00)  1.00E+00
  2.250E-04 1.00000E-45  0.000E+00 ( 0.000E+00, 0.000E+00) ( 0.000E+00, 0.000E+00)  1.00E+00
  2.500E-04 1.00000E-45  0.000E+00 ( 0.000E+00, 0.000E+00) ( 0.000E+00, 0.000E+00)  1.00E+00
  2.750E-04 1.00000E-45  0.000E+00 ( 0.000E+00, 0.000E+00) ( 0.000E+00, 0.000E+00)  1.00E+00
  3.000E-04 1.00000E-45  0.000E+00 ( 0.000E+00, 0.000E+00) ( 0.000E+00, 0.000E+00)  1.00E+00
  3.250E-04 1.00000E-45  0.000E+00 ( 0.000E+00, 0.000E+00) ( 0.000E+00, 0.000E+00)  1.00E+00
  3.500E-04 1.00000E-45  0.000E+00 ( 0.000E+00, 0.000E+00) ( 0.000E+00, 0.000E+00)  1.00E+00
  3.750E-04 1.00000E-45  0.000E+00 ( 0.000E+00, 0.000E+00) ( 0.000E+00, 0.000E+00)  1.00E+00
  4.000E-04 1.00000E-45  0.000E+00 ( 0.000E+00, 0.000E+00) ( 0.000E+00, 0.000E+00)  1.00E+00
  4.250E-04 1.00000E-45  0.000E+00 ( 0.000E+00, 0.000E+00) ( 0.000E+00, 0.000E+00)  1.00E+00
  4.500E-04 1.00000E-45  0.000E+00 ( 0.000E+00, 0.000E+00) ( 0.000E+00, 0.000E+00)  1.00E+00
  4.750E-04 1.00000E-45  0.000E+00 ( 0.000E+00, 0.000E+00) ( 0.000E+00, 0.000E+00)  1.00E+00
  5.000E-04 1.00000E-45  0.000E+00 ( 0.000E+00, 0.000E+00) ( 0.000E+00, 0.000E+00)  1.00E+00
  5.250E-04 1.00000E-45  0.000E+00 ( 0.000E+00, 0.000E+00) ( 0.000E+00, 0.000E+00)  1.00E+00
  5.500E-04 1.00000E-45  0.000E+00 ( 0.000E+00, 0.000E+00) ( 0.000E+00, 0.000E+00)  1.00E+00
  5.750E-04 1.00000E-45  0.000E+00 ( 0.000E+00, 0.000E+00) ( 0.000E+00, 0.000E+00)  1.00E+00
  6.000E-04 1.00000E-45  0.000E+00 ( 0.000E+00, 0.000E+00) ( 0.000E+00, 0.000E+00)  1.00E+00
  6.250E-04 1.00000E-45  0.000E+00 ( 0.000E+00, 0.000E+00) ( 0.000E+00, 0.000E+00)  1.00E+00
  6.500E-04 1.00000E-45  0.000E+00 ( 0.000E+00, 0.000E+00) ( 0.000E+00, 0.000E+00)  1.00E+00
  6.750E-04 1.00000E-45  0.000E+00 ( 0.000E+00, 0.000E+00) ( 0.000E+00, 0.000E+00)  1.00E+00
  7.000E-04 1.00000E-45  0.000E+00 ( 0.000E+00, 0.000E+00) ( 0.000E+00, 0.000E+00)  1.00E+00
  7.250E-04 1.00000E-45  0.000E+00 ( 0.000E+00, 0.000E+00) ( 0.000E+00, 0.000E+00)  1.00E+00
  7.500E-04 1.00000E-45  0.000E+00 ( 0.000E+00, 0.000E+00) ( 0.000E+00, 0.000E+00)  1.00E+00
  7.750E-04 1.00000E-45  0.000E+00 ( 0.000E+00, 0.000E+00) ( 0.000E+00, 0.000E+00)  1.00E+00
  8.000E-04 1.00000E-45  0.000E+00 ( 0.000E+00, 0.000E+00) ( 0.000E+00, 0.000E+00)  1.00E+00
  8.250E-04 1.00000E-45  0.000E+00 ( 0.000E+00, 0.000E+00) ( 0.000E+00, 0.000E+00)  1.00E+00
  8.500E-04 1.00000E-45  0.000E+00 ( 0.000E+00, 0.000E+00) ( 0.000E+00, 0.000E+00)  1.00E+00
  8.750E-04 1.00000E-45  0.000E+00 ( 0.000E+00, 0.000E+00) ( 0.000E+00, 0.000E+00)  1.00E+00
  9.000E-04 1.00000E-45  0.000E+00 ( 0.000E+00, 0.000E+00) ( 0.000E+00, 0.000E+00)  1.00E+00
  9.250E-04 1.00000E-45  0.000E+00 ( 0.000E+00, 0.000E+00) ( 0.000E+00, 0.000E+00)  1.00E+00
  9.500E-04 1.00000E-45  0.000E+00 ( 0.000E+00, 0.000E+00) ( 0.000E+00, 0.000E+00)  1.00E+00
  9.750E-04 1.00000E-45  0.000E+00 ( 0.000E+00, 0.000E+00) ( 0.000E+00, 0.000E+00)  1.00E+00
  1.000E-03 1.00000E-45  0.000E+00 ( 0.000E+00, 0.000E+00) ( 0.000E+00, 0.000E+00)  1.00E+00
  1.250E-03 1.00000E-45  0.000E+00 ( 0.000E+00, 0.000E+00) ( 0.000E+00, 0.000E+00)  1.00E+00
  1.500E-03 1.00000E-45  0.000E+00 ( 0.000E+00, 0.000E+00) ( 0.000E+00, 0.000E+00)  1.00E+00
  1.750E-03 1.00000E-45  0.000E+00 ( 0.000E+00, 0.000E+00) ( 0.000E+00, 0.000E+00)  1.00E+00
  2.000E-03 1.00000E-45  0.000E+00 ( 0.000E+00, 0.000E+00) ( 0.000E+00, 0.000E+00)  1.00E+00
  2.250E-03 1.00000E-45  0.000E+00 ( 0.000E+00, 0.000E+00) ( 0.000E+00, 0.000E+00)  1.00E+00
  2.500E-03 1.00000E-45  0.000E+00 ( 0.000E+00, 0.000E+00) ( 0.000E+00, 0.000E+00)  1.00E+00
  2.750E-03 1.00000E-45  0.000E+00 ( 0.000E+00, 0.000E+00) ( 0.000E+00, 0.000E+00)  1.00E+00
  3.000E-03 1.00000E-45  0.000E+00 ( 0.000E+00, 0.000E+00) ( 0.000E+00, 0.000E+00)  1.00E+00
  3.250E-03 1.00000E-45  0.000E+00 ( 0.000E+00, 0.000E+00) ( 0.000E+00, 0.000E+00)  1.00E+00
  3.500E-03 1.00000E-45  0.000E+00 ( 0.000E+00, 0.000E+00) ( 0.000E+00, 0.000E+00)  1.00E+00
  3.750E-03 1.00000E-45  0.000E+00 ( 0.000E+00, 0.000E+00) ( 0.000E+00, 0.000E+00)  1.00E+00
  4.000E-03 1.00000E-45  0.000E+00 ( 0.000E+00, 0.000E+00) ( 0.000E+00, 0.000E+00)  1.00E+00
  4.250E-03 1.00000E-45  0.000E+00 ( 0.000E+00, 0.000E+00) ( 0.000E+00, 0.000E+00)  1.00E+00
  4.500E-03 1.00000E-45  0.000E+00 ( 0.000E+00, 0.000E+00) ( 0.000E+00, 0.000E+00)  1.00E+00
  4.750E-03 1.00000E-45  0.000E+00 ( 0.000E+00, 0.000E+00) ( 0.000E+00, 0.000E+00)  1.00E+00
  5.000E-03 1.00000E-45  0.000E+00 ( 0.000E+00, 0.000E+00) ( 0.000E+00, 0.000E+00)  1.00E+00
  5.250E-03 1.00000E-45  0.000E+00 ( 0.000E+00, 0.000E+00) ( 0.000E+00, 0.000E+00)  1.00E+00
  5.500E-03 1.00000E-45  0.000E+00 ( 0.000E+00, 0.000E+00) ( 0.000E+00, 0.000E+00)  1.00E+00
  5.750E-03 1.00000E-45  0.000E+00 ( 0.000E+00, 0.000E+00) ( 0.000E+00, 0.000E+00)  1.00E+00
  6.000E-03 1.00000E-45  0.000E+00 ( 0.000E+00, 0.000E+00) ( 0.000E+00, 0.000E+00)  1.00E+00
  6.250E-03 1.00000E-45  0.000E+00 ( 0.000E+00, 0.000E+00) ( 0.000E+00, 0.000E+00)  1.00E+00
  6.500E-03 1.00000E-45  0.000E+00 ( 0.000E+00, 0.000E+00) ( 0.000E+00, 0.000E+00)  1.00E+00
  6.750E-03 1.00000E-45  0.000E+00 ( 0.000E+00, 0.000E+00) ( 0.000E+00, 0.000E+00)  1.00E+00
  7.000E-03 1.00000E-45  0.000E+00 ( 0.000E+00, 0.000E+00) ( 0.000E+00, 0.000E+00)  1.00E+00
  7.250E-03 1.00000E-45  0.000E+00 ( 0.000E+00, 0.000E+00) ( 0.000E+00, 0.000E+00)  1.00E+00
  7.500E-03 1.00000E-45  0.000E+00 ( 0.000E+00, 0.000E+00) ( 0.000E+00, 0.000E+00)  1.00E+00
  7.750E-03 1.00000E-45  0.000E+00 ( 0.000E+00, 0.000E+00) ( 0.000E+00, 0.000E+00)  1.00E+00
  8.000E-03 1.00000E-45  0.000E+00 ( 0.000E+00, 0.000E+00) ( 0.000E+00, 0.000E+00)  1.00E+00
  8.250E-03 1.00000E-45  0.000E+00 ( 0.000E+00, 0.000E+00) ( 0.000E+00, 0.000E+00)  1.00E+00
  8.500E-03 1.00000E-45  0.000E+00 ( 0.000E+00, 0.000E+00) ( 0.000E+00, 0.000E+00)  1.00E+00
  8.750E-03 1.00000E-45  0.000E+00 ( 0.000E+00, 0.000E+00) ( 0.000E+00, 0.000E+00)  1.00E+00
  9.000E-03 1.00000E-45  0.000E+00 ( 0.000E+00, 0.000E+00) ( 0.000E+00, 0.000E+00)  1.00E+00
  9.250E-03 1.00000E-45  0.000E+00 ( 0.000E+00, 0.000E+00) ( 0.000E+00, 0.000E+00)  1.00E+00
  9.500E-03 1.00000E-45  0.000E+00 ( 0.000E+00, 0.000E+00) ( 0.000E+00, 0.000E+00)  1.00E+00
  9.750E-03 1.00000E-45  0.000E+00 ( 0.000E+00, 0.000E+00) ( 0.000E+00, 0.000E+00)  1.00E+00
  1.000E-02 1.00000E-45  0.000E+00 ( 0.000E+00, 0.000E+00) ( 0.000E+00, 0.000E+00)  1.00E+00
  1.250E-02 1.00000E-45  0.000E+00 ( 0.000E+00, 0.000E+00) ( 0.000E+00, 0.000E+00)  1.00E+00
  1.500E-02 1.00000E-45  0.000E+00 ( 0.000E+00, 0.000E+00) ( 0.000E+00, 0.000E+00)  1.00E+00
  1.750E-02 1.00000E-45  0.000E+00 ( 0.000E+00, 0.000E+00) ( 0.000E+00, 0.000E+00)  1.00E+00
  2.000E-02 1.00000E-45  0.000E+00 ( 0.000E+00, 0.000E+00) ( 0.000E+00, 0.000E+00)  1.00E+00
  2.250E-02 1.00000E-45  0.000E+00 ( 0.000E+00, 0.000E+00) ( 0.000E+00, 0.000E+00)  1.00E+00
  2.500E-02 1.00000E-45  0.000E+00 ( 0.000E+00, 0.000E+00) ( 0.000E+00, 0.000E+00)  1.00E+00
  2.750E-02 1.00000E-45  0.000E+00 ( 0.000E+00, 0.000E+00) ( 0.000E+00, 0.000E+00)  1.00E+00
  3.000E-02 1.00000E-45  0.000E+00 ( 0.000E+00, 0.000E+00) ( 0.000E+00, 0.000E+00)  1.00E+00
  3.250E-02 1.00000E-45  0.000E+00 ( 0.000E+00, 0.000E+00) ( 0.000E+00, 0.000E+00)  1.00E+00
  3.500E-02 1.00000E-45  0.000E+00 ( 0.000E+00, 0.000E+00) ( 0.000E+00, 0.000E+00)  1.00E+00
  3.750E-02 1.00000E-45  0.000E+00 ( 0.000E+00, 0.000E+00) ( 0.000E+00, 0.000E+00)  1.00E+00
  4.000E-02 1.00000E-45  0.000E+00 ( 0.000E+00, 0.000E+00) ( 0.000E+00, 0.000E+00)  1.00E+00
  4.250E-02 1.00000E-45  0.000E+00 ( 0.000E+00, 0.000E+00) ( 0.000E+00, 0.000E+00)  1.00E+00
  4.500E-02 1.00000E-45  0.000E+00 ( 0.000E+00, 0.000E+00) ( 0.000E+00, 0.000E+00)  1.00E+00
  4.750E-02 1.00000E-45  0.000E+00 ( 0.000E+00, 0.000E+00) ( 0.000E+00, 0.000E+00)  1.00E+00
  5.000E-02 1.00000E-45  0.000E+00 ( 0.000E+00, 0.000E+00) ( 0.000E+00, 0.000E+00)  1.00E+00
  5.250E-02 1.00000E-45  0.000E+00 ( 0.000E+00, 0.000E+00) ( 0.000E+00, 0.000E+00)  1.00E+00
  5.500E-02 1.00000E-45  0.000E+00 ( 0.000E+00, 0.000E+00) ( 0.000E+00, 0.000E+00)  1.00E+00
  5.750E-02 1.00000E-45  0.000E+00 ( 0.000E+00, 0.000E+00) ( 0.000E+00, 0.000E+00)  1.00E+00
  6.000E-02 1.00000E-45  0.000E+00 ( 0.000E+00, 0.000E+00) ( 0.000E+00, 0.000E+00)  1.00E+00
  6.250E-02 1.00000E-45  0.000E+00 ( 0.000E+00, 0.000E+00) ( 0.000E+00, 0.000E+00)  1.00E+00
  6.500E-02 1.00000E-45  0.000E+00 ( 0.000E+00, 0.000E+00) ( 0.000E+00, 0.000E+00)  1.00E+00
  6.750E-02 1.00000E-45  0.000E+00 ( 0.000E+00, 0.000E+00) ( 0.000E+00, 0.000E+00)  1.00E+00
  7.000E-02 1.00000E-45  0.000E+00 ( 0.000E+00, 0.000E+00) ( 0.000E+00, 0.000E+00)  1.00E+00
  7.250E-02 1.00000E-45  0.000E+00 ( 0.000E+00, 0.000E+00) ( 0.000E+00, 0.000E+00)  1.00E+00
  7.500E-02 1.00000E-45  0.000E+00 ( 0.000E+00, 0.000E+00) ( 0.000E+00, 0.000E+00)  1.00E+00
  7.750E-02 1.00000E-45  0.000E+00 ( 0.000E+00, 0.000E+00) ( 0.000E+00, 0.000E+00)  1.00E+00
  8.000E-02 1.00000E-45  0.000E+00 ( 0.000E+00, 0.000E+00) ( 0.000E+00, 0.000E+00)  1.00E+00
  8.250E-02 1.00000E-45  0.000E+00 ( 0.000E+00, 0.000E+00) ( 0.000E+00, 0.000E+00)  1.00E+00
  8.500E-02 1.00000E-45  0.000E+00 ( 0.000E+00, 0.000E+00) ( 0.000E+00, 0.000E+00)  1.00E+00
  8.750E-02 1.00000E-45  0.000E+00 ( 0.000E+00, 0.000E+00) ( 0.000E+00, 0.000E+00)  1.00E+00
  9.000E-02 1.00000E-45  0.000E+00 ( 0.000E+00, 0.000E+00) ( 0.000E+00, 0.000E+00)  1.00E+00
  9.250E-02 1.00000E-45  0.000E+00 ( 0.000E+00, 0.000E+00) ( 0.000E+00, 0.000E+00)  1.00E+00
  9.500E-02 1.00000E-45  0.000E+00 ( 0.000E+00, 0.000E+00) ( 0.000E+00, 0.000E+00)  1.00E+00
  9.750E-02 1.00000E-45  0.000E+00 ( 0.000E+00, 0.000E+00) ( 0.000E+00, 0.000E+00)  1.00E+00
  1.000E-01 1.00000E-45  0.000E+00 ( 0.000E+00, 0.000E+00) ( 0.000E+00, 0.000E+00)  1.00E+00
  1.250E-01 1.00000E-45  0.000E+00 ( 0.000E+00, 0.000E+00) ( 0.000E+00, 0.000E+00)  1.00E+00
  1.500E-01 1.00000E-45  0.000E+00 ( 0.000E+00, 0.000E+00) ( 0.000E+00, 0.000E+00)  1.00E+00
  1.750E-01 1.00000E-45  0.000E+00 ( 0.000E+00, 0.000E+00) ( 0.000E+00, 0.000E+00)  1.00E+00
  2.000E-01 1.00000E-45  0.000E+00 ( 0.000E+00, 0.000E+00) ( 0.000E+00, 0.000E+00)  1.00E+00
  2.250E-01 1.00000E-45  0.000E+00 ( 0.000E+00, 0.000E+00) ( 0.000E+00, 0.000E+00)  1.00E+00
  2.500E-01 1.00000E-45  0.000E+00 ( 0.000E+00, 0.000E+00) ( 0.000E+00, 0.000E+00)  1.00E+00
  2.750E-01 1.00000E-45  0.000E+00 ( 0.000E+00, 0.000E+00) ( 0.000E+00, 0.000E+00)  1.00E+00
  3.000E-01 1.00000E-45  0.000E+00 ( 0.000E+00, 0.000E+00) ( 0.000E+00, 0.000E+00)  1.00E+00
  3.250E-01 1.00000E-45  0.000E+00 ( 0.000E+00, 0.000E+00) ( 0.000E+00, 0.000E+00)  1.00E+00
  3.500E-01 1.00000E-45  0.000E+00 ( 0.000E+00, 0.000E+00) ( 0.000E+00, 0.000E+00)  1.00E+00
  3.750E-01 1.00000E-45  0.000E+00 ( 0.000E+00, 0.000E+00) ( 0.000E+00, 0.000E+00)  1.00E+00
  4.000E-01 1.00000E-45  0.000E+00 ( 0.000E+00, 0.000E+00) ( 0.000E+00, 0.000E+00)  1.00E+00
  4.250E-01 1.00000E-45  0.000E+00 ( 0.000E+00, 0.000E+00) ( 0.000E+00, 0.000E+00)  1.00E+00
  4.500E-01 1.00000E-45  0.000E+00 ( 0.000E+00, 0.000E+00) ( 0.000E+00, 0.000E+00)  1.00E+00
  4.750E-01 1.00000E-45  0.000E+00 ( 0.000E+00, 0.000E+00) ( 0.000E+00, 0.000E+00)  1.00E+00
  5.000E-01 1.00000E-45  0.000E+00 ( 0.000E+00, 0.000E+00) ( 0.000E+00, 0.000E+00)  1.00E+00
  5.250E-01 1.00000E-45  0.000E+00 ( 0.000E+00, 0.000E+00) ( 0.000E+00, 0.000E+00)  1.00E+00
  5.500E-01 1.00000E-45  0.000E+00 ( 0.000E+00, 0.000E+00) ( 0.000E+00, 0.000E+00)  1.00E+00
  5.750E-01 1.00000E-45  0.000E+00 ( 0.000E+00, 0.000E+00) ( 0.000E+00, 0.000E+00)  1.00E+00
  6.000E-01 1.00000E-45  0.000E+00 ( 0.000E+00, 0.000E+00) ( 0.000E+00, 0.000E+00)  1.00E+00
  6.250E-01 1.00000E-45  0.000E+00 ( 0.000E+00, 0.000E+00) ( 0.000E+00, 0.000E+00)  1.00E+00
  6.500E-01 1.00000E-45  0.000E+00 ( 0.000E+00, 0.000E+00) ( 0.000E+00, 0.000E+00)  1.00E+00
  6.750E-01 1.00000E-45  0.000E+00 ( 0.000E+00, 0.000E+00) ( 0.000E+00, 0.000E+00)  1.00E+00
  7.000E-01 1.00000E-45  0.000E+00 ( 0.000E+00, 0.000E+00) ( 0.000E+00, 0.000E+00)  1.00E+00
  7.250E-01 1.00000E-45  0.000E+00 ( 0.000E+00, 0.000E+00) ( 0.000E+00, 0.000E+00)  1.00E+00
  7.500E-01 1.00000E-45  0.000E+00 ( 0.000E+00, 0.000E+00) ( 0.000E+00, 0.000E+00)  1.00E+00
  7.750E-01 1.00000E-45  0.000E+00 ( 0.000E+00, 0.000E+00) ( 0.000E+00, 0.000E+00)  1.00E+00
  8.000E-01 1.00000E-45  0.000E+00 ( 0.000E+00, 0.000E+00) ( 0.000E+00, 0.000E+00)  1.00E+00
  8.250E-01 1.00000E-45  0.000E+00 ( 0.000E+00, 0.000E+00) ( 0.000E+00, 0.000E+00)  1.00E+00
  8.500E-01 1.00000E-45  0.000E+00 ( 0.000E+00, 0.000E+00) ( 0.000E+00, 0.000E+00)  1.00E+00
  8.750E-01 1.00000E-45  0.000E+00 ( 0.000E+00, 0.000E+00) ( 0.000E+00, 0.000E+00)  1.00E+00
  9.000E-01 1.00000E-45  0.000E+00 ( 0.000E+00, 0.000E+00) ( 0.000E+00, 0.000E+00)  1.00E+00
  9.250E-01 1.00000E-45  0.000E+00 ( 0.000E+00, 0.000E+00) ( 0.000E+00, 0.000E+00)  1.00E+00
  9.500E-01 1.00000E-45  0.000E+00 ( 0.000E+00, 0.000E+00) ( 0.000E+00, 0.000E+00)  1.00E+00
  9.750E-01 1.00000E-45  0.000E+00 ( 0.000E+00, 0.000E+00) ( 0.000E+00, 0.000E+00)  1.00E+00
  1.000E+00 1.87114E-18 -8.981E-06 ( 1.277E-09,-4.913E-10) ( 9.807E-12,-3.781E-12)  1.68E-04
  1.100E+00 1.27851E-18  0.000E+00 ( 1.059E-09,-3.972E-10) ( 8.942E-12,-3.360E-12)  1.30E-04
  1.200E+00 9.02645E-19  1.699E-05 ( 8.920E-10,-3.269E-10) ( 8.186E-12,-2.992E-12)  7.45E-05
  1.300E+00 6.55474E-19 -1.929E-05 ( 7.621E-10,-2.732E-10) ( 7.618E-12,-2.739E-12)  2.00E-05
  1.400E+00 4.87377E-19  1.621E-05 ( 6.587E-10,-2.313E-10) ( 7.057E-12,-2.472E-12)  2.31E-05
  1.500E+00 3.69857E-19  0.000E+00 ( 5.750E-10,-1.980E-10) ( 6.622E-12,-2.283E-12)  4.67E-05
  1.600E+00 2.85762E-19  0.000E+00 ( 5.064E-10,-1.711E-10) ( 6.212E-12,-2.098E-12)  5.22E-05
  1.700E+00 2.24233E-19  0.000E+00 ( 4.494E-10,-1.492E-10) ( 5.857E-12,-1.944E-12)  4.36E-05
  1.800E+00 1.78435E-19  0.000E+00 ( 4.015E-10,-1.311E-10) ( 5.547E-12,-1.812E-12)  2.67E-05
  1.900E+00 1.43743E-19  0.000E+00 ( 3.609E-10,-1.159E-10) ( 5.256E-12,-1.686E-12)  7.27E-06
  2.000E+00 1.17092E-19  0.000E+00 ( 3.262E-10,-1.031E-10) ( 5.007E-12,-1.584E-12)  1.01E-05
  2.100E+00 9.63450E-20  0.000E+00 ( 2.963E-10,-9.228E-11) ( 4.771E-12,-1.485E-12)  2.05E-05
  2.200E+00 7.99916E-20  0.000E+00 ( 2.703E-10,-8.297E-11) ( 4.562E-12,-1.400E-12)  2.36E-05
  2.300E+00 6.69710E-20  0.000E+00 ( 2.477E-10,-7.495E-11) ( 4.369E-12,-1.323E-12)  2.04E-05
  2.400E+00 5.64918E-20  0.000E+00 ( 2.277E-10,-6.798E-11) ( 4.191E-12,-1.251E-12)  1.28E-05
  2.500E+00 4.79868E-20  0.000E+00 ( 2.101E-10,-6.190E-11) ( 4.030E-12,-1.188E-12)  3.41E-06
  2.600E+00 4.10236E-20  0.000E+00 ( 1.944E-10,-5.656E-11) ( 3.877E-12,-1.127E-12)  5.54E-06
  2.700E+00 3.52786E-20  0.000E+00 ( 1.805E-10,-5.185E-11) ( 3.738E-12,-1.074E-12)  1.11E-05
  2.800E+00 3.05061E-20  0.000E+00 ( 1.680E-10,-4.767E-11) ( 3.608E-12,-1.024E-12)  1.30E-05
  2.900E+00 2.65132E-20  0.000E+00 ( 1.567E-10,-4.396E-11) ( 3.486E-12,-9.777E-13)  1.14E-05
  3.000E+00 2.31537E-20  0.000E+00 ( 1.466E-10,-4.064E-11) ( 3.374E-12,-9.355E-13)  7.20E-06
  3.100E+00 2.03095E-20  0.000E+00 ( 1.374E-10,-3.766E-11) ( 3.267E-12,-8.953E-13)  1.85E-06
  3.200E+00 1.78891E-20  0.000E+00 ( 1.291E-10,-3.499E-11) ( 3.168E-12,-8.591E-13)  3.49E-06
  3.300E+00 1.58190E-20  0.000E+00 ( 1.214E-10,-3.257E-11) ( 3.074E-12,-8.243E-13)  6.87E-06
  3.400E+00 1.40396E-20  0.000E+00 ( 1.145E-10,-3.038E-11) ( 2.986E-12,-7.925E-13)  8.03E-06
  3.500E+00 1.25040E-20  0.000E+00 ( 1.081E-10,-2.839E-11) ( 2.903E-12,-7.625E-13)  7.07E-06
  3.600E+00 1.11724E-20  0.000E+00 ( 1.023E-10,-2.659E-11) ( 2.824E-12,-7.341E-13)  4.48E-06
  3.700E+00 1.00137E-20  0.000E+00 ( 9.687E-11,-2.493E-11) ( 2.750E-12,-7.080E-13)  1.09E-06
  3.800E+00 9.00138E-21  0.000E+00 ( 9.190E-11,-2.342E-11) ( 2.679E-12,-6.828E-13)  2.40E-06
  3.900E+00 8.11379E-21  0.000E+00 ( 8.730E-11,-2.204E-11) ( 2.612E-12,-6.595E-13)  4.61E-06
  4.000E+00 7.33309E-21  0.000E+00 ( 8.304E-11,-2.077E-11) ( 2.548E-12,-6.373E-13)  5.37E-06
  4.100E+00 6.64398E-21  0.000E+00 ( 7.908E-11,-1.959E-11) ( 2.487E-12,-6.164E-13)  4.74E-06
  4.200E+00 6.03406E-21  0.000E+00 ( 7.540E-11,-1.851E-11) ( 2.430E-12,-5.967E-13)  3.00E-06
  4.300E+00 5.49252E-21  0.000E+00 ( 7.197E-11,-1.751E-11) ( 2.374E-12,-5.778E-13)  6.83E-07
  4.400E+00 5.01043E-21  0.000E+00 ( 6.877E-11,-1.659E-11) ( 2.322E-12,-5.601E-13)  1.75E-06
  4.500E+00 4.58012E-21  0.000E+00 ( 6.578E-11,-1.573E-11) ( 2.271E-12,-5.431E-13)  3.28E-06
  4.600E+00 4.19500E-21  0.000E+00 ( 6.298E-11,-1.493E-11) ( 2.223E-12,-5.270E-13)  3.80E-06
  4.700E+00 3.84958E-21  0.000E+00 ( 6.036E-11,-1.419E-11) ( 2.177E-12,-5.117E-13)  3.35E-06
  4.800E+00 3.53897E-21  0.000E+00 ( 5.790E-11,-1.350E-11) ( 2.132E-12,-4.971E-13)  2.11E-06
  4.900E+00 3.25909E-21  0.000E+00 ( 5.558E-11,-1.285E-11) ( 2.090E-12,-4.832E-13)  4.44E-07
  5.000E+00 3.00635E-21  0.000E+00 ( 5.340E-11,-1.225E-11) ( 2.049E-12,-4.699E-13)  1.33E-06
  5.100E+00 2.77764E-21  0.000E+00 ( 5.135E-11,-1.168E-11) ( 2.010E-12,-4.572E-13)  2.44E-06
  5.200E+00 2.57029E-21  0.000E+00 ( 4.941E-11,-1.115E-11) ( 1.972E-12,-4.451E-13)  2.81E-06
  5.300E+00 2.38192E-21  0.000E+00 ( 4.759E-11,-1.066E-11) ( 1.936E-12,-4.334E-13)  2.47E-06
  5.400E+00 2.21052E-21  0.000E+00 ( 4.586E-11,-1.019E-11) ( 1.900E-12,-4.223E-13)  1.54E-06
  5.500E+00 2.05426E-21  0.000E+00 ( 4.422E-11,-9.751E-12) ( 1.867E-12,-4.116E-13)  2.96E-07
  5.600E+00 1.91157E-21  0.000E+00 ( 4.267E-11,-9.338E-12) ( 1.834E-12,-4.014E-13)  1.05E-06
  5.700E+00 1.78106E-21  0.000E+00 ( 4.120E-11,-8.949E-12) ( 1.802E-12,-3.916E-13)  1.88E-06
  5.800E+00 1.66150E-21  0.000E+00 ( 3.981E-11,-8.582E-12) ( 1.772E-12,-3.821E-13)  2.14E-06
  5.900E+00 1.55182E-21  0.000E+00 ( 3.848E-11,-8.236E-12) ( 1.743E-12,-3.731E-13)  1.88E-06
  6.000E+00 1.45104E-21  0.000E+00 ( 3.722E-11,-7.909E-12) ( 1.714E-12,-3.643E-13)  1.16E-06
  6.100E+00 1.35832E-21  0.000E+00 ( 3.602E-11,-7.600E-12) ( 1.687E-12,-3.559E-13)  2.00E-07
  6.200E+00 1.27288E-21  0.000E+00 ( 3.488E-11,-7.307E-12) ( 1.660E-12,-3.478E-13)  8.54E-07
  6.300E+00 1.19406E-21  0.000E+00 ( 3.379E-11,-7.029E-12) ( 1.634E-12,-3.400E-13)  1.49E-06
  6.400E+00 1.12125E-21  0.000E+00 ( 3.275E-11,-6.766E-12) ( 1.609E-12,-3.325E-13)  1.68E-06
  6.500E+00 1.05391E-21  0.000E+00 ( 3.176E-11,-6.516E-12) ( 1.585E-12,-3.252E-13)  1.47E-06
  6.600E+00 9.91553E-22  0.000E+00 ( 3.082E-11,-6.279E-12) ( 1.561E-12,-3.182E-13)  8.97E-07
  6.700E+00 9.33738E-22  0.000E+00 ( 2.991E-11,-6.053E-12) ( 1.539E-12,-3.114E-13)  1.35E-07
  6.800E+00 8.80079E-22  0.000E+00 ( 2.904E-11,-5.839E-12) ( 1.516E-12,-3.049E-13)  7.08E-07
  6.900E+00 8.30222E-22  0.000E+00 ( 2.822E-11,-5.635E-12) ( 1.495E-12,-2.986E-13)  1.20E-06
  7.000E+00 7.83845E-22  0.000E+00 ( 2.742E-11,-5.440E-12) ( 1.474E-12,-2.925E-13)  1.35E-06
  7.100E+00 7.40665E-22  0.000E+00 ( 2.666E-11,-5.255E-12) ( 1.453E-12,-2.865E-13)  1.17E-06
  7.200E+00 7.00417E-22  0.000E+00 ( 2.593E-11,-5.078E-12) ( 1.434E-12,-2.808E-13)  7.07E-07
  7.300E+00 6.62868E-22  0.000E+00 ( 2.523E-11,-4.909E-12) ( 1.414E-12,-2.753E-13)  1.00E-07
  7.400E+00 6.27803E-22  0.000E+00 ( 2.456E-11,-4.748E-12) ( 1.396E-12,-2.699E-13)  5.98E-07
  7.500E+00 5.95025E-22  0.000E+00 ( 2.392E-11,-4.594E-12) ( 1.377E-12,-2.647E-13)  9.92E-07
  7.600E+00 5.64362E-22  0.000E+00 ( 2.330E-11,-4.447E-12) ( 1.360E-12,-2.596E-13)  1.10E-06
  7.700E+00 5.35647E-22  0.000E+00 ( 2.270E-11,-4.306E-12) ( 1.342E-12,-2.547E-13)  9.49E-07
  7.800E+00 5.08738E-22  0.000E+00 ( 2.213E-11,-4.171E-12) ( 1.325E-12,-2.500E-13)  5.67E-07
  7.900E+00 4.83497E-22  0.000E+00 ( 2.157E-11,-4.042E-12) ( 1.309E-12,-2.453E-13)  1.00E-07
  8.000E+00 4.59803E-22  0.000E+00 ( 2.104E-11,-3.919E-12) ( 1.293E-12,-2.409E-13)  5.12E-07
  8.100E+00 4.37544E-22  0.000E+00 ( 2.053E-11,-3.800E-12) ( 1.277E-12,-2.365E-13)  8.31E-07
  8.200E+00 4.16614E-22  0.000E+00 ( 2.003E-11,-3.686E-12) ( 1.262E-12,-2.323E-13)  9.11E-07
  8.300E+00 3.96923E-22  0.000E+00 ( 1.956E-11,-3.577E-12) ( 1.247E-12,-2.282E-13)  7.82E-07
  8.400E+00 3.78382E-22  0.000E+00 ( 1.910E-11,-3.473E-12) ( 1.232E-12,-2.242E-13)  4.60E-07
  8.500E+00 3.60911E-22  0.000E+00 ( 1.865E-11,-3.372E-12) ( 1.218E-12,-2.203E-13)  1.00E-07
  8.600E+00 3.44437E-22  0.000E+00 ( 1.823E-11,-3.275E-12) ( 1.204E-12,-2.165E-13)  4.44E-07
  8.700E+00 3.28892E-22  0.000E+00 ( 1.781E-11,-3.182E-12) ( 1.191E-12,-2.128E-13)  7.05E-07
  8.800E+00 3.14216E-22  0.000E+00 ( 1.741E-11,-3.093E-12) ( 1.177E-12,-2.092E-13)  7.65E-07
  8.900E+00 3.00348E-22  0.000E+00 ( 1.703E-11,-3.007E-12) ( 1.164E-12,-2.057E-13)  6.52E-07
  9.000E+00 2.87238E-22  0.000E+00 ( 1.665E-11,-2.924E-12) ( 1.151E-12,-2.023E-13)  3.79E-07
  9.100E+00 2.74836E-22  0.000E+00 ( 1.629E-11,-2.845E-12) ( 1.139E-12,-1.990E-13)  1.00E-07
  9.200E+00 2.63095E-22  0.000E+00 ( 1.594E-11,-2.768E-12) ( 1.127E-12,-1.958E-13)  3.90E-07
  9.300E+00 2.51976E-22  0.000E+00 ( 1.560E-11,-2.694E-12) ( 1.115E-12,-1.926E-13)  6.06E-07
  9.400E+00 2.41437E-22  0.000E+00 ( 1.527E-11,-2.622E-12) ( 1.103E-12,-1.895E-13)  6.50E-07
  9.500E+00 2.31445E-22  0.000E+00 ( 1.496E-11,-2.554E-12) ( 1.092E-12,-1.865E-13)  5.51E-07
  9.600E+00 2.21964E-22  0.000E+00 ( 1.465E-11,-2.487E-12) ( 1.081E-12,-1.836E-13)  3.14E-07
  9.700E+00 2.12963E-22  0.000E+00 ( 1.435E-11,-2.423E-12) ( 1.070E-12,-1.807E-13)  1.00E-07
  9.800E+00 2.04415E-22  0.000E+00 ( 1.406E-11,-2.361E-12) ( 1.059E-12,-1.779E-13)  3.45E-07
  9.900E+00 1.96290E-22  0.000E+00 ( 1.378E-11,-2.302E-12) ( 1.048E-12,-1.752E-13)  5.25E-07
  1.000E+01 1.88566E-22  0.000E+00 ( 1.351E-11,-2.244E-12) ( 1.038E-12,-1.726E-13)  5.57E-07
  1.025E+01 1.70855E-22  0.000E+00 ( 1.286E-11,-2.108E-12) ( 1.013E-12,-1.662E-13)  5.22E-07
  1.050E+01 1.55175E-22  0.000E+00 ( 1.226E-11,-1.983E-12) ( 9.894E-13,-1.602E-13)  4.59E-07
  1.075E+01 1.41254E-22  0.000E+00 ( 1.170E-11,-1.868E-12) ( 9.667E-13,-1.545E-13)  3.75E-07
  1.100E+01 1.28859E-22  0.000E+00 ( 1.117E-11,-1.761E-12) ( 9.450E-13,-1.491E-13)  2.77E-07
  1.125E+01 1.17795E-22  0.000E+00 ( 1.068E-11,-1.663E-12) ( 9.243E-13,-1.440E-13)  1.72E-07
  1.150E+01 1.07894E-22  0.000E+00 ( 1.023E-11,-1.571E-12) ( 9.045E-13,-1.391E-13)  1.00E-07
  1.175E+01 9.90112E-23  0.000E+00 ( 9.798E-12,-1.487E-12) ( 8.855E-13,-1.345E-13)  1.00E-07
  1.200E+01 9.10241E-23  0.000E+00 ( 9.395E-12,-1.408E-12) ( 8.673E-13,-1.301E-13)  1.62E-07
  1.225E+01 8.38265E-23  0.000E+00 ( 9.017E-12,-1.335E-12) ( 8.498E-13,-1.259E-13)  2.24E-07
  1.250E+01 7.73264E-23  0.000E+00 ( 8.661E-12,-1.267E-12) ( 8.330E-13,-1.220E-13)  2.67E-07
  1.275E+01 7.14443E-23  0.000E+00 ( 8.326E-12,-1.203E-12) ( 8.168E-13,-1.182E-13)  2.89E-07
  1.300E+01 6.61110E-23  0.000E+00 ( 8.009E-12,-1.144E-12) ( 8.013E-13,-1.146E-13)  2.91E-07
  1.325E+01 6.12661E-23  0.000E+00 ( 7.710E-12,-1.088E-12) ( 7.864E-13,-1.111E-13)  2.83E-07
  1.350E+01 5.68570E-23  0.000E+00 ( 7.428E-12,-1.036E-12) ( 7.719E-13,-1.078E-13)  2.60E-07
  1.375E+01 5.28374E-23  0.000E+00 ( 7.161E-12,-9.872E-13) ( 7.580E-13,-1.046E-13)  2.24E-07
  1.400E+01 4.91668E-23  0.000E+00 ( 6.908E-12,-9.413E-13) ( 7.446E-13,-1.016E-13)  1.77E-07
  1.425E+01 4.58094E-23  0.000E+00 ( 6.668E-12,-8.983E-13) ( 7.317E-13,-9.871E-14)  1.23E-07
  1.450E+01 4.27336E-23  0.000E+00 ( 6.440E-12,-8.577E-13) ( 7.192E-13,-9.593E-14)  1.00E-07
  1.475E+01 3.99117E-23  0.000E+00 ( 6.223E-12,-8.196E-13) ( 7.071E-13,-9.326E-14)  1.00E-07
  1.500E+01 3.73188E-23  0.000E+00 ( 6.018E-12,-7.837E-13) ( 6.954E-13,-9.070E-14)  1.00E-07
  1.525E+01 3.49330E-23  0.000E+00 ( 5.822E-12,-7.497E-13) ( 6.841E-13,-8.824E-14)  1.19E-07
  1.550E+01 3.27347E-23  0.000E+00 ( 5.636E-12,-7.177E-13) ( 6.731E-13,-8.588E-14)  1.49E-07
  1.575E+01 3.07067E-23  0.000E+00 ( 5.458E-12,-6.875E-13) ( 6.625E-13,-8.360E-14)  1.67E-07
  1.600E+01 2.88331E-23  0.000E+00 ( 5.288E-12,-6.589E-13) ( 6.522E-13,-8.141E-14)  1.74E-07
  1.625E+01 2.71003E-23  0.000E+00 ( 5.127E-12,-6.318E-13) ( 6.423E-13,-7.931E-14)  1.72E-07
  1.650E+01 2.54956E-23  0.000E+00 ( 4.972E-12,-6.062E-13) ( 6.326E-13,-7.728E-14)  1.65E-07
  1.675E+01 2.40078E-23  0.000E+00 ( 4.824E-12,-5.819E-13) ( 6.232E-13,-7.532E-14)  1.48E-07
  1.700E+01 2.26270E-23  0.000E+00 ( 4.683E-12,-5.588E-13) ( 6.141E-13,-7.343E-14)  1.24E-07
  1.725E+01 2.13439E-23  0.000E+00 ( 4.548E-12,-5.369E-13) ( 6.052E-13,-7.161E-14)  1.00E-07
  1.750E+01 2.01504E-23  0.000E+00 ( 4.419E-12,-5.162E-13) ( 5.966E-13,-6.985E-14)  1.00E-07
  1.775E+01 1.90392E-23  0.000E+00 ( 4.294E-12,-4.964E-13) ( 5.882E-13,-6.815E-14)  1.00E-07
  1.800E+01 1.80034E-23  0.000E+00 ( 4.175E-12,-4.776E-13) ( 5.801E-13,-6.651E-14)  1.00E-07
  1.825E+01 1.70370E-23  0.000E+00 ( 4.061E-12,-4.597E-13) ( 5.721E-13,-6.492E-14)  1.00E-07
  1.850E+01 1.61346E-23  0.000E+00 ( 3.952E-12,-4.427E-13) ( 5.644E-13,-6.339E-14)  1.00E-07
  1.875E+01 1.52910E-23  0.000E+00 ( 3.846E-12,-4.264E-13) ( 5.569E-13,-6.191E-14)  1.05E-07
  1.900E+01 1.45018E-23  0.000E+00 ( 3.745E-12,-4.110E-13) ( 5.496E-13,-6.047E-14)  1.12E-07
  1.925E+01 1.37628E-23  0.000E+00 ( 3.648E-12,-3.962E-13) ( 5.424E-13,-5.908E-14)  1.13E-07
  1.950E+01 1.30702E-23  0.000E+00 ( 3.554E-12,-3.821E-13) ( 5.355E-13,-5.773E-14)  1.12E-07
  1.975E+01 1.24206E-23  0.000E+00 ( 3.464E-12,-3.686E-13) ( 5.287E-13,-5.643E-14)  1.04E-07
  2.000E+01 1.18108E-23  0.000E+00 ( 3.378E-12,-3.558E-13) ( 5.221E-13,-5.516E-14)  1.00E-07
  2.025E+01 1.12379E-23  0.000E+00 ( 3.294E-12,-3.435E-13) ( 5.156E-13,-5.394E-14)  1.00E-07
  2.050E+01 1.06993E-23  0.000E+00 ( 3.214E-12,-3.317E-13) ( 5.093E-13,-5.275E-14)  1.00E-07
  2.075E+01 1.01925E-23  0.000E+00 ( 3.136E-12,-3.205E-13) ( 5.032E-13,-5.159E-14)  1.00E-07
  2.100E+01 9.71534E-24  0.000E+00 ( 3.061E-12,-3.097E-13) ( 4.971E-13,-5.047E-14)  1.00E-07
  2.125E+01 9.26570E-24  0.000E+00 ( 2.989E-12,-2.993E-13) ( 4.913E-13,-4.938E-14)  1.00E-07
  2.150E+01 8.84174E-24  0.000E+00 ( 2.919E-12,-2.895E-13) ( 4.855E-13,-4.833E-14)  1.00E-07
  2.175E+01 8.44170E-24  0.000E+00 ( 2.851E-12,-2.800E-13) ( 4.799E-13,-4.730E-14)  1.00E-07
  2.200E+01 8.06399E-24  0.000E+00 ( 2.786E-12,-2.709E-13) ( 4.744E-13,-4.630E-14)  1.00E-07
  2.225E+01 7.70712E-24  0.000E+00 ( 2.723E-12,-2.621E-13) ( 4.691E-13,-4.533E-14)  1.00E-07
  2.250E+01 7.36974E-24  0.000E+00 ( 2.662E-12,-2.538E-13) ( 4.638E-13,-4.439E-14)  1.00E-07
  2.275E+01 7.05058E-24  0.000E+00 ( 2.603E-12,-2.457E-13) ( 4.587E-13,-4.348E-14)  1.00E-07
  2.300E+01 6.74847E-24  0.000E+00 ( 2.546E-12,-2.380E-13) ( 4.537E-13,-4.258E-14)  1.00E-07
  2.325E+01 6.46233E-24  0.000E+00 ( 2.491E-12,-2.305E-13) ( 4.487E-13,-4.172E-14)  1.00E-07
  2.350E+01 6.19116E-24  0.000E+00 ( 2.438E-12,-2.234E-13) ( 4.439E-13,-4.087E-14)  1.00E-07
  2.375E+01 5.93403E-24  0.000E+00 ( 2.386E-12,-2.165E-13) ( 4.392E-13,-4.005E-14)  1.00E-07
  2.400E+01 5.69008E-24  0.000E+00 ( 2.336E-12,-2.099E-13) ( 4.346E-13,-3.925E-14)  1.00E-07
  2.425E+01 5.45850E-24  0.000E+00 ( 2.287E-12,-2.035E-13) ( 4.300E-13,-3.847E-14)  1.00E-07
  2.450E+01 5.23855E-24  0.000E+00 ( 2.240E-12,-1.974E-13) ( 4.256E-13,-3.771E-14)  1.00E-07
  2.475E+01 5.02954E-24  0.000E+00 ( 2.194E-12,-1.915E-13) ( 4.213E-13,-3.696E-14)  1.00E-07
  2.500E+01 4.83082E-24  0.000E+00 ( 2.150E-12,-1.858E-13) ( 4.170E-13,-3.624E-14)  1.00E-07
  2.550E+01 4.46188E-24  0.000E+00 ( 2.065E-12,-1.751E-13) ( 4.087E-13,-3.485E-14)  1.00E-07
  2.600E+01 4.12739E-24  0.000E+00 ( 1.985E-12,-1.651E-13) ( 4.007E-13,-3.353E-14)  1.00E-07
  2.650E+01 3.82356E-24 -2.014E-04 ( 1.909E-12,-1.557E-13) ( 3.930E-13,-3.227E-14)  1.00E-07
  2.700E+01 3.54709E-24 -2.110E-04 ( 1.837E-12,-1.471E-13) ( 3.856E-13,-3.107E-14)  1.00E-07
  2.750E+01 3.29506E-24 -2.209E-04 ( 1.770E-12,-1.389E-13) ( 3.785E-13,-2.992E-14)  1.00E-07
  2.800E+01 3.06495E-24 -2.310E-04 ( 1.706E-12,-1.314E-13) ( 3.715E-13,-2.883E-14)  1.00E-07
  2.850E+01 2.85449E-24 -2.414E-04 ( 1.645E-12,-1.243E-13) ( 3.649E-13,-2.778E-14)  1.00E-07
  2.900E+01 2.66171E-24 -2.520E-04 ( 1.587E-12,-1.177E-13) ( 3.584E-13,-2.678E-14)  1.00E-07
  2.950E+01 2.48487E-24 -2.629E-04 ( 1.532E-12,-1.114E-13) ( 3.522E-13,-2.583E-14)  1.00E-07
  3.000E+01 2.32239E-24 -2.740E-04 ( 1.480E-12,-1.056E-13) ( 3.462E-13,-2.492E-14)  1.00E-07
  3.050E+01 2.17292E-24 -2.854E-04 ( 1.431E-12,-1.001E-13) ( 3.403E-13,-2.404E-14)  1.00E-07
  3.100E+01 2.03522E-24 -2.971E-04 ( 1.383E-12,-9.501E-14) ( 3.347E-13,-2.320E-14)  1.00E-07
  3.150E+01 1.90820E-24 -3.090E-04 ( 1.338E-12,-9.018E-14) ( 3.292E-13,-2.240E-14)  1.00E-07
  3.200E+01 1.79088E-24 -3.212E-04 ( 1.295E-12,-8.563E-14) ( 3.239E-13,-2.163E-14)  1.00E-07
  3.250E+01 1.68238E-24 -3.336E-04 ( 1.254E-12,-8.135E-14) ( 3.187E-13,-2.089E-14)  1.00E-07
  3.300E+01 1.58193E-24 -3.463E-04 ( 1.215E-12,-7.731E-14) ( 3.137E-13,-2.018E-14)  1.00E-07
  3.350E+01 1.48881E-24 -3.592E-04 ( 1.178E-12,-7.350E-14) ( 3.088E-13,-1.950E-14)  1.00E-07
  3.400E+01 1.40240E-24 -3.724E-04 ( 1.142E-12,-6.991E-14) ( 3.041E-13,-1.884E-14)  1.00E-07
  3.450E+01 1.32212E-24 -3.859E-04 ( 1.108E-12,-6.652E-14) ( 2.995E-13,-1.821E-14)  1.00E-07
  3.500E+01 1.24747E-24 -3.996E-04 ( 1.075E-12,-6.331E-14) ( 2.950E-13,-1.760E-14)  1.00E-07
  3.550E+01 1.17797E-24 -4.136E-04 ( 1.044E-12,-6.028E-14) ( 2.907E-13,-1.702E-14)  1.00E-07
  3.600E+01 1.11320E-24 -4.279E-04 ( 1.014E-12,-5.741E-14) ( 2.864E-13,-1.646E-14)  1.00E-07
  3.650E+01 1.05279E-24 -4.424E-04 ( 9.848E-13,-5.469E-14) ( 2.823E-13,-1.591E-14)  1.00E-07
  3.700E+01 9.96388E-25 -4.572E-04 ( 9.571E-13,-5.212E-14) ( 2.783E-13,-1.539E-14)  1.00E-07
  3.750E+01 9.43679E-25 -4.722E-04 ( 9.304E-13,-4.968E-14) ( 2.744E-13,-1.489E-14)  1.00E-07
  3.800E+01 8.94376E-25 -4.875E-04 ( 9.048E-13,-4.737E-14) ( 2.706E-13,-1.440E-14)  1.00E-07
  3.850E+01 8.48221E-25 -5.031E-04 ( 8.802E-13,-4.517E-14) ( 2.668E-13,-1.394E-14)  1.00E-07
  3.900E+01 8.04976E-25 -5.189E-04 ( 8.565E-13,-4.309E-14) ( 2.632E-13,-1.348E-14)  1.00E-07
  3.950E+01 7.64424E-25 -5.350E-04 ( 8.338E-13,-4.111E-14) ( 2.597E-13,-1.305E-14)  1.00E-07
  4.000E+01 7.26367E-25 -5.514E-04 ( 8.118E-13,-3.922E-14) ( 2.562E-13,-1.263E-14)  1.00E-07
  4.050E+01 6.90622E-25 -5.680E-04 ( 7.907E-13,-3.744E-14) ( 2.528E-13,-1.222E-14)  1.00E-07
  4.100E+01 6.57025E-25 -5.849E-04 ( 7.703E-13,-3.574E-14) ( 2.495E-13,-1.182E-14)  1.00E-07
  4.150E+01 6.25422E-25 -6.021E-04 ( 7.506E-13,-3.412E-14) ( 2.463E-13,-1.144E-14)  1.00E-07
  4.200E+01 5.95674E-25 -6.195E-04 ( 7.317E-13,-3.258E-14) ( 2.431E-13,-1.108E-14)  1.00E-07
  4.250E+01 5.67651E-25 -6.372E-04 ( 7.134E-13,-3.111E-14) ( 2.400E-13,-1.072E-14)  1.00E-07
  4.300E+01 5.41236E-25 -6.552E-04 ( 6.957E-13,-2.971E-14) ( 2.370E-13,-1.038E-14)  1.00E-07
  4.350E+01 5.16319E-25 -6.734E-04 ( 6.787E-13,-2.838E-14) ( 2.341E-13,-1.004E-14)  1.00E-07
  4.400E+01 4.92800E-25 -6.920E-04 ( 6.622E-13,-2.711E-14) ( 2.312E-13,-9.721E-15)  1.00E-07
  4.450E+01 4.70586E-25 -7.107E-04 ( 6.463E-13,-2.589E-14) ( 2.284E-13,-9.409E-15)  1.00E-07
  4.500E+01 4.49592E-25 -7.298E-04 ( 6.309E-13,-2.474E-14) ( 2.256E-13,-9.106E-15)  1.00E-07
  4.550E+01 4.29737E-25 -7.491E-04 ( 6.160E-13,-2.363E-14) ( 2.229E-13,-8.813E-15)  1.00E-07
  4.600E+01 4.10950E-25 -7.688E-04 ( 6.016E-13,-2.258E-14) ( 2.202E-13,-8.529E-15)  1.00E-07
  4.650E+01 3.93162E-25 -7.886E-04 ( 5.876E-13,-2.157E-14) ( 2.176E-13,-8.254E-15)  1.00E-07
  4.700E+01 3.76310E-25 -8.088E-04 ( 5.741E-13,-2.061E-14) ( 2.151E-13,-7.987E-15)  1.00E-07
  4.750E+01 3.60337E-25 -8.292E-04 ( 5.610E-13,-1.969E-14) ( 2.126E-13,-7.729E-15)  1.00E-07
  4.800E+01 3.45187E-25 -8.499E-04 ( 5.483E-13,-1.881E-14) ( 2.101E-13,-7.478E-15)  1.00E-07
  4.850E+01 3.30811E-25 -8.709E-04 ( 5.360E-13,-1.797E-14) ( 2.077E-13,-7.234E-15)  1.00E-07
  4.900E+01 3.17162E-25 -8.921E-04 ( 5.241E-13,-1.717E-14) ( 2.054E-13,-6.998E-15)  1.00E-07
  4.950E+01 3.04196E-25 -9.137E-04 ( 5.125E-13,-1.640E-14) ( 2.030E-13,-6.769E-15)  1.00E-07
  5.000E+01 2.91873E-25 -9.355E-04 ( 5.013E-13,-1.567E-14) ( 2.008E-13,-6.547E-15)  1.00E-07
  5.050E+01 2.80156E-25 -9.576E-04 ( 4.904E-13,-1.496E-14) ( 1.985E-13,-6.331E-15)  1.00E-07
  5.100E+01 2.69009E-25 -9.799E-04 ( 4.798E-13,-1.429E-14) ( 1.963E-13,-6.121E-15)  1.00E-07
  5.150E+01 2.58399E-25 -1.003E-03 ( 4.695E-13,-1.364E-14) ( 1.942E-13,-5.918E-15)  1.00E-07
  5.200E+01 2.48296E-25 -1.026E-03 ( 4.596E-13,-1.302E-14) ( 1.921E-13,-5.720E-15)  1.00E-07
  5.250E+01 2.38671E-25 -1.049E-03 ( 4.499E-13,-1.243E-14) ( 1.900E-13,-5.528E-15)  1.00E-07
  5.300E+01 2.29497E-25 -1.072E-03 ( 4.405E-13,-1.186E-14) ( 1.880E-13,-5.342E-15)  1.00E-07
  5.350E+01 2.20750E-25 -1.096E-03 ( 4.313E-13,-1.132E-14) ( 1.860E-13,-5.160E-15)  1.00E-07
  5.400E+01 2.12405E-25 -1.120E-03 ( 4.224E-13,-1.080E-14) ( 1.840E-13,-4.984E-15)  1.00E-07
  5.450E+01 2.04442E-25 -1.144E-03 ( 4.137E-13,-1.030E-14) ( 1.820E-13,-4.813E-15)  1.00E-07
  5.500E+01 1.96838E-25 -1.169E-03 ( 4.053E-13,-9.815E-15) ( 1.801E-13,-4.646E-15)  1.00E-07
  5.550E+01 1.89576E-25 -1.194E-03 ( 3.971E-13,-9.355E-15) ( 1.783E-13,-4.485E-15)  1.00E-07
  5.600E+01 1.82637E-25 -1.219E-03 ( 3.891E-13,-8.913E-15) ( 1.764E-13,-4.327E-15)  1.00E-07
  5.650E+01 1.76005E-25 -1.245E-03 ( 3.814E-13,-8.489E-15) ( 1.746E-13,-4.174E-15)  1.00E-07
  5.700E+01 1.69662E-25 -1.271E-03 ( 3.738E-13,-8.082E-15) ( 1.728E-13,-4.025E-15)  1.00E-07
  5.750E+01 1.63594E-25 -1.297E-03 ( 3.664E-13,-7.692E-15) ( 1.711E-13,-3.880E-15)  1.00E-07
  5.800E+01 1.57787E-25 -1.323E-03 ( 3.592E-13,-7.317E-15) ( 1.693E-13,-3.740E-15)  1.00E-07
  5.850E+01 1.52228E-25 -1.350E-03 ( 3.522E-13,-6.957E-15) ( 1.676E-13,-3.603E-15)  1.00E-07
  5.900E+01 1.46905E-25 -1.377E-03 ( 3.454E-13,-6.612E-15) ( 1.659E-13,-3.469E-15)  1.00E-07
  5.950E+01 1.41804E-25 -1.404E-03 ( 3.388E-13,-6.280E-15) ( 1.643E-13,-3.339E-15)  1.00E-07
  6.000E+01 1.36917E-25 -1.431E-03 ( 3.323E-13,-5.961E-15) ( 1.627E-13,-3.213E-15)  1.00E-07
  6.050E+01 1.32231E-25 -1.459E-03 ( 3.260E-13,-5.655E-15) ( 1.611E-13,-3.090E-15)  1.00E-07
  6.100E+01 1.27737E-25 -1.487E-03 ( 3.198E-13,-5.361E-15) ( 1.595E-13,-2.971E-15)  1.00E-07
  6.150E+01 1.23426E-25 -1.516E-03 ( 3.138E-13,-5.079E-15) ( 1.579E-13,-2.854E-15)  1.00E-07
  6.200E+01 1.19289E-25 -1.545E-03 ( 3.079E-13,-4.807E-15) ( 1.564E-13,-2.741E-15)  1.00E-07
  6.250E+01 1.15318E-25 -1.574E-03 ( 3.022E-13,-4.546E-15) ( 1.549E-13,-2.630E-15)  1.00E-07
  6.300E+01 1.11505E-25 -1.603E-03 ( 2.966E-13,-4.296E-15) ( 1.534E-13,-2.523E-15)  1.00E-07
  6.350E+01 1.07842E-25 -1.633E-03 ( 2.911E-13,-4.055E-15) ( 1.519E-13,-2.418E-15)  1.00E-07
  6.400E+01 1.04323E-25 -1.663E-03 ( 2.858E-13,-3.823E-15) ( 1.505E-13,-2.317E-15)  1.00E-07
  6.450E+01 1.00941E-25 -1.693E-03 ( 2.806E-13,-3.601E-15) ( 1.490E-13,-2.217E-15)  1.00E-07
  6.500E+01 9.76888E-26 -1.724E-03 ( 2.755E-13,-3.387E-15) ( 1.476E-13,-2.121E-15)  1.00E-07
  6.550E+01 9.45616E-26 -1.755E-03 ( 2.705E-13,-3.182E-15) ( 1.462E-13,-2.027E-15)  1.00E-07
  6.600E+01 9.15534E-26 -1.786E-03 ( 2.656E-13,-2.984E-15) ( 1.448E-13,-1.935E-15)  1.00E-07
  6.650E+01 8.86588E-26 -1.817E-03 ( 2.609E-13,-2.794E-15) ( 1.435E-13,-1.846E-15)  1.00E-07
  6.700E+01 8.58728E-26 -1.849E-03 ( 2.562E-13,-2.612E-15) ( 1.421E-13,-1.759E-15)  1.00E-07
  6.750E+01 8.31906E-26 -1.881E-03 ( 2.517E-13,-2.436E-15) ( 1.408E-13,-1.674E-15)  1.00E-07
  6.800E+01 8.06076E-26 -1.914E-03 ( 2.473E-13,-2.268E-15) ( 1.395E-13,-1.592E-15)  1.00E-07
  6.850E+01 7.81196E-26 -1.947E-03 ( 2.429E-13,-2.105E-15) ( 1.382E-13,-1.511E-15)  1.00E-07
  6.900E+01 7.57223E-26 -1.980E-03 ( 2.387E-13,-1.950E-15) ( 1.370E-13,-1.433E-15)  1.00E-07
  6.950E+01 7.34119E-26 -2.013E-03 ( 2.345E-13,-1.800E-15) ( 1.357E-13,-1.357E-15)  1.00E-07
  7.000E+01 7.11847E-26 -2.047E-03 ( 2.304E-13,-1.656E-15) ( 1.345E-13,-1.282E-15)  1.00E-07
  7.050E+01 6.90371E-26 -2.081E-03 ( 2.265E-13,-1.517E-15) ( 1.332E-13,-1.210E-15)  1.00E-07
  7.100E+01 6.69659E-26 -2.116E-03 ( 2.226E-13,-1.384E-15) ( 1.320E-13,-1.140E-15)  1.00E-07
  7.150E+01 6.49677E-26 -2.150E-03 ( 2.187E-13,-1.256E-15) ( 1.308E-13,-1.071E-15)  1.00E-07
  7.200E+01 6.30396E-26 -2.186E-03 ( 2.150E-13,-1.134E-15) ( 1.296E-13,-1.004E-15)  1.00E-07
  7.250E+01 6.11787E-26 -2.221E-03 ( 2.114E-13,-1.016E-15) ( 1.285E-13,-9.388E-16)  1.00E-07
  7.300E+01 5.93822E-26 -2.257E-03 ( 2.078E-13,-9.020E-16) ( 1.273E-13,-8.753E-16)  1.00E-07
  7.350E+01 5.76475E-26 -2.293E-03 ( 2.043E-13,-7.930E-16) ( 1.262E-13,-8.134E-16)  1.00E-07
  7.400E+01 5.59721E-26 -2.330E-03 ( 2.008E-13,-6.883E-16) ( 1.251E-13,-7.532E-16)  1.00E-07
  7.450E+01 5.43536E-26 -2.366E-03 ( 1.975E-13,-5.877E-16) ( 1.239E-13,-6.945E-16)  1.00E-07
  7.500E+01 5.27897E-26 -2.404E-03 ( 1.942E-13,-4.910E-16) ( 1.228E-13,-6.374E-16)  1.00E-07
  7.550E+01 5.12783E-26 -2.441E-03 ( 1.909E-13,-3.982E-16) ( 1.217E-13,-5.817E-16)  1.00E-07
  7.600E+01 4.98173E-26 -2.479E-03 ( 1.878E-13,-3.091E-16) ( 1.207E-13,-5.275E-16)  1.00E-07
  7.650E+01 4.84047E-26 -2.517E-03 ( 1.847E-13,-2.235E-16) ( 1.196E-13,-4.747E-16)  1.00E-07
  7.700E+01 4.70387E-26 -2.556E-03 ( 1.816E-13,-1.413E-16) ( 1.185E-13,-4.232E-16)  1.00E-07
  7.750E+01 4.57174E-26 -2.595E-03 ( 1.786E-13,-6.247E-17) ( 1.175E-13,-3.731E-16)  1.00E-07
  7.800E+01 4.44391E-26 -2.634E-03 ( 1.757E-13, 1.320E-17) ( 1.165E-13,-3.244E-16)  1.00E-07
  7.850E+01 4.32022E-26 -2.674E-03 ( 1.728E-13, 8.580E-17) ( 1.154E-13,-2.769E-16)  1.00E-07
  7.900E+01 4.20051E-26 -2.714E-03 ( 1.700E-13, 1.554E-16) ( 1.144E-13,-2.306E-16)  1.00E-07
  7.950E+01 4.08463E-26 -2.755E-03 ( 1.673E-13, 2.222E-16) ( 1.134E-13,-1.856E-16)  1.00E-07
  8.000E+01 3.97243E-26 -2.795E-03 ( 1.646E-13, 2.863E-16) ( 1.124E-13,-1.418E-16)  1.00E-07
  8.050E+01 3.86378E-26 -2.837E-03 ( 1.619E-13, 3.477E-16) ( 1.115E-13,-9.914E-17)  1.00E-07
  8.100E+01 3.75855E-26 -2.878E-03 ( 1.593E-13, 4.065E-16) ( 1.105E-13,-5.763E-17)  1.00E-07
  8.150E+01 3.65661E-26 -2.920E-03 ( 1.568E-13, 4.628E-16) ( 1.095E-13,-1.723E-17)  1.00E-07
  8.200E+01 3.55784E-26 -2.963E-03 ( 1.542E-13, 5.168E-16) ( 1.086E-13, 2.209E-17)  1.00E-07
  8.250E+01 3.46212E-26 -3.005E-03 ( 1.518E-13, 5.685E-16) ( 1.076E-13, 6.035E-17)  1.00E-07
  8.300E+01 3.36935E-26 -3.049E-03 ( 1.494E-13, 6.180E-16) ( 1.067E-13, 9.756E-17)  1.00E-07
  8.350E+01 3.27941E-26 -3.092E-03 ( 1.470E-13, 6.653E-16) ( 1.058E-13, 1.338E-16)  1.00E-07
  8.400E+01 3.19221E-26 -3.136E-03 ( 1.447E-13, 7.105E-16) ( 1.049E-13, 1.690E-16)  1.00E-07
  8.450E+01 3.10765E-26 -3.181E-03 ( 1.424E-13, 7.538E-16) ( 1.039E-13, 2.032E-16)  1.00E-07
  8.500E+01 3.02564E-26 -3.225E-03 ( 1.401E-13, 7.951E-16) ( 1.030E-13, 2.365E-16)  1.00E-07
  8.550E+01 2.94608E-26 -3.271E-03 ( 1.379E-13, 8.346E-16) ( 1.022E-13, 2.689E-16)  1.00E-07
  8.600E+01 2.86889E-26 -3.316E-03 ( 1.358E-13, 8.723E-16) ( 1.013E-13, 3.004E-16)  1.00E-07
  8.650E+01 2.79399E-26 -3.362E-03 ( 1.336E-13, 9.083E-16) ( 1.004E-13, 3.309E-16)  1.00E-07
  8.700E+01 2.72129E-26 -3.409E-03 ( 1.315E-13, 9.426E-16) ( 9.954E-14, 3.606E-16)  1.00E-07
  8.750E+01 2.65073E-26 -3.456E-03 ( 1.295E-13, 9.753E-16) ( 9.868E-14, 3.895E-16)  1.00E-07
  8.800E+01 2.58222E-26 -3.503E-03 ( 1.275E-13, 1.006E-15) ( 9.783E-14, 4.175E-16)  1.00E-07
  8.850E+01 2.51571E-26 -3.551E-03 ( 1.255E-13, 1.036E-15) ( 9.699E-14, 4.448E-16)  1.00E-07
  8.900E+01 2.45111E-26 -3.599E-03 ( 1.235E-13, 1.064E-15) ( 9.615E-14, 4.712E-16)  1.00E-07
  8.950E+01 2.38837E-26 -3.648E-03 ( 1.216E-13, 1.091E-15) ( 9.532E-14, 4.968E-16)  1.00E-07
  9.000E+01 2.32743E-26 -3.697E-03 ( 1.198E-13, 1.116E-15) ( 9.450E-14, 5.217E-16)  1.00E-07
  9.050E+01 2.26822E-26 -3.747E-03 ( 1.179E-13, 1.141E-15) ( 9.369E-14, 5.459E-16)  1.00E-07
  9.100E+01 2.21068E-26 -3.797E-03 ( 1.161E-13, 1.163E-15) ( 9.288E-14, 5.693E-16)  1.00E-07
  9.150E+01 2.15477E-26 -3.848E-03 ( 1.143E-13, 1.185E-15) ( 9.208E-14, 5.920E-16)  1.00E-07
  9.200E+01 2.10043E-26 -3.899E-03 ( 1.126E-13, 1.206E-15) ( 9.129E-14, 6.140E-16)  1.00E-07
  9.250E+01 2.04760E-26 -3.951E-03 ( 1.108E-13, 1.225E-15) ( 9.050E-14, 6.354E-16)  1.00E-07
  9.300E+01 1.99624E-26 -4.003E-03 ( 1.091E-13, 1.243E-15) ( 8.972E-14, 6.560E-16)  1.00E-07
  9.350E+01 1.94630E-26 -4.055E-03 ( 1.075E-13, 1.260E-15) ( 8.894E-14, 6.760E-16)  1.00E-07
  9.400E+01 1.89774E-26 -4.108E-03 ( 1.058E-13, 1.277E-15) ( 8.818E-14, 6.954E-16)  1.00E-07
  9.450E+01 1.85050E-26 -4.162E-03 ( 1.042E-13, 1.292E-15) ( 8.741E-14, 7.141E-16)  1.00E-07
  9.500E+01 1.80456E-26 -4.216E-03 ( 1.026E-13, 1.306E-15) ( 8.666E-14, 7.322E-16)  1.00E-07
  9.550E+01 1.75986E-26 -4.270E-03 ( 1.011E-13, 1.320E-15) ( 8.591E-14, 7.497E-16)  1.00E-07
  9.600E+01 1.71637E-26 -4.326E-03 ( 9.954E-14, 1.332E-15) ( 8.516E-14, 7.667E-16)  1.00E-07
  9.650E+01 1.67405E-26 -4.381E-03 ( 9.803E-14, 1.344E-15) ( 8.442E-14, 7.830E-16)  1.00E-07
  9.700E+01 1.63287E-26 -4.437E-03 ( 9.655E-14, 1.354E-15) ( 8.369E-14, 7.988E-16)  1.00E-07
  9.750E+01 1.59278E-26 -4.494E-03 ( 9.509E-14, 1.364E-15) ( 8.296E-14, 8.140E-16)  1.00E-07
  9.800E+01 1.55375E-26 -4.551E-03 ( 9.366E-14, 1.374E-15) ( 8.224E-14, 8.287E-16)  1.00E-07
  9.850E+01 1.51576E-26 -4.609E-03 ( 9.224E-14, 1.382E-15) ( 8.152E-14, 8.428E-16)  1.00E-07
  9.900E+01 1.47877E-26 -4.668E-03 ( 9.085E-14, 1.390E-15) ( 8.081E-14, 8.564E-16)  1.00E-07
  9.950E+01 1.44275E-26 -4.727E-03 ( 8.949E-14, 1.397E-15) ( 8.011E-14, 8.695E-16)  1.00E-07
  1.000E+02 1.40767E-26 -4.786E-03 ( 8.814E-14, 1.403E-15) ( 7.940E-14, 8.821E-16)  1.00E-07
  1.005E+02 1.37350E-26 -4.847E-03 ( 8.682E-14, 1.409E-15) ( 7.871E-14, 8.943E-16)  1.00E-07
  1.010E+02 1.34022E-26 -4.907E-03 ( 8.551E-14, 1.414E-15) ( 7.802E-14, 9.059E-16)  1.00E-07
  1.015E+02 1.30779E-26 -4.969E-03 ( 8.423E-14, 1.419E-15) ( 7.733E-14, 9.170E-16)  1.00E-07
  1.020E+02 1.27620E-26 -5.031E-03 ( 8.297E-14, 1.423E-15) ( 7.665E-14, 9.277E-16)  1.00E-07
  1.025E+02 1.24541E-26 -5.093E-03 ( 8.173E-14, 1.427E-15) ( 7.597E-14, 9.380E-16)  1.00E-07
  1.030E+02 1.21541E-26 -5.157E-03 ( 8.051E-14, 1.429E-15) ( 7.530E-14, 9.478E-16)  1.00E-07
  1.035E+02 1.18617E-26 -5.221E-03 ( 7.930E-14, 1.432E-15) ( 7.463E-14, 9.571E-16)  1.00E-07
  1.040E+02 1.15767E-26 -5.285E-03 ( 7.812E-14, 1.434E-15) ( 7.397E-14, 9.660E-16)  1.00E-07
  1.045E+02 1.12989E-26 -5.350E-03 ( 7.695E-14, 1.435E-15) ( 7.331E-14, 9.745E-16)  1.00E-07
  1.050E+02 1.10280E-26 -5.416E-03 ( 7.580E-14, 1.436E-15) ( 7.266E-14, 9.826E-16)  1.00E-07
  1.055E+02 1.07639E-26 -5.483E-03 ( 7.467E-14, 1.437E-15) ( 7.200E-14, 9.903E-16)  1.00E-07
  1.060E+02 1.05064E-26 -5.550E-03 ( 7.356E-14, 1.437E-15) ( 7.136E-14, 9.976E-16)  1.00E-07
  1.065E+02 1.02553E-26 -5.618E-03 ( 7.247E-14, 1.437E-15) ( 7.072E-14, 1.004E-15)  1.00E-07
  1.070E+02 1.00103E-26 -5.687E-03 ( 7.139E-14, 1.436E-15) ( 7.008E-14, 1.011E-15)  1.00E-07
  1.075E+02 9.77142E-27 -5.756E-03 ( 7.033E-14, 1.435E-15) ( 6.945E-14, 1.017E-15)  1.00E-07
  1.080E+02 9.53838E-27 -5.826E-03 ( 6.928E-14, 1.434E-15) ( 6.882E-14, 1.023E-15)  1.00E-07
  1.085E+02 9.31103E-27 -5.897E-03 ( 6.825E-14, 1.432E-15) ( 6.819E-14, 1.028E-15)  1.00E-07
  1.090E+02 9.08922E-27 -5.969E-03 ( 6.724E-14, 1.430E-15) ( 6.757E-14, 1.033E-15)  1.00E-07
  1.095E+02 8.87280E-27 -6.041E-03 ( 6.624E-14, 1.427E-15) ( 6.695E-14, 1.038E-15)  1.00E-07
  1.100E+02 8.66161E-27 -6.115E-03 ( 6.526E-14, 1.425E-15) ( 6.633E-14, 1.042E-15)  1.00E-07
  1.105E+02 8.45551E-27 -6.189E-03 ( 6.429E-14, 1.422E-15) ( 6.572E-14, 1.046E-15)  1.00E-07
  1.110E+02 8.25436E-27 -6.263E-03 ( 6.333E-14, 1.418E-15) ( 6.512E-14, 1.050E-15)  1.00E-07
  1.115E+02 8.05803E-27 -6.339E-03 ( 6.239E-14, 1.415E-15) ( 6.451E-14, 1.053E-15)  1.00E-07
  1.120E+02 7.86639E-27 -6.416E-03 ( 6.147E-14, 1.411E-15) ( 6.391E-14, 1.057E-15)  1.00E-07
  1.125E+02 7.67930E-27 -6.493E-03 ( 6.056E-14, 1.407E-15) ( 6.332E-14, 1.059E-15)  1.00E-07
  1.130E+02 7.49665E-27 -6.571E-03 ( 5.966E-14, 1.403E-15) ( 6.272E-14, 1.062E-15)  1.00E-07
  1.135E+02 7.31832E-27 -6.650E-03 ( 5.878E-14, 1.398E-15) ( 6.213E-14, 1.064E-15)  1.00E-07
  1.140E+02 7.14418E-27 -6.730E-03 ( 5.791E-14, 1.393E-15) ( 6.155E-14, 1.066E-15)  1.00E-07
  1.145E+02 6.97415E-27 -6.811E-03 ( 5.705E-14, 1.388E-15) ( 6.096E-14, 1.067E-15)  1.00E-07
  1.150E+02 6.80809E-27 -6.893E-03 ( 5.621E-14, 1.383E-15) ( 6.038E-14, 1.069E-15)  1.00E-07
  1.155E+02 6.64591E-27 -6.975E-03 ( 5.537E-14, 1.378E-15) ( 5.980E-14, 1.070E-15)  1.00E-07
  1.160E+02 6.48751E-27 -7.059E-03 ( 5.456E-14, 1.372E-15) ( 5.923E-14, 1.070E-15)  1.00E-07
  1.165E+02 6.33279E-27 -7.144E-03 ( 5.375E-14, 1.367E-15) ( 5.866E-14, 1.071E-15)  1.00E-07
  1.170E+02 6.18164E-27 -7.229E-03 ( 5.295E-14, 1.361E-15) ( 5.809E-14, 1.071E-15)  1.00E-07
  1.175E+02 6.03399E-27 -7.316E-03 ( 5.217E-14, 1.355E-15) ( 5.753E-14, 1.071E-15)  1.00E-07
  1.180E+02 5.88974E-27 -7.404E-03 ( 5.140E-14, 1.349E-15) ( 5.696E-14, 1.070E-15)  1.00E-07
  1.185E+02 5.74880E-27 -7.492E-03 ( 5.064E-14, 1.342E-15) ( 5.640E-14, 1.070E-15)  1.00E-07
  1.190E+02 5.61109E-27 -7.582E-03 ( 4.989E-14, 1.336E-15) ( 5.585E-14, 1.069E-15)  1.00E-07
  1.195E+02 5.47653E-27 -7.673E-03 ( 4.915E-14, 1.329E-15) ( 5.529E-14, 1.068E-15)  1.00E-07
  1.200E+02 5.34504E-27 -7.765E-03 ( 4.843E-14, 1.323E-15) ( 5.474E-14, 1.067E-15)  1.00E-07
  1.205E+02 5.21653E-27 -7.858E-03 ( 4.771E-14, 1.316E-15) ( 5.420E-14, 1.065E-15)  1.00E-07
  1.210E+02 5.09094E-27 -7.952E-03 ( 4.701E-14, 1.309E-15) ( 5.365E-14, 1.063E-15)  1.00E-07
  1.215E+02 4.96819E-27 -8.048E-03 ( 4.631E-14, 1.302E-15) ( 5.311E-14, 1.061E-15)  1.00E-07
  1.220E+02 4.84821E-27 -8.144E-03 ( 4.563E-14, 1.295E-15) ( 5.257E-14, 1.059E-15)  1.00E-07
  1.225E+02 4.73093E-27 -8.242E-03 ( 4.496E-14, 1.288E-15) ( 5.203E-14, 1.057E-15)  1.00E-07
  1.230E+02 4.61630E-27 -8.341E-03 ( 4.429E-14, 1.281E-15) ( 5.149E-14, 1.054E-15)  1.00E-07
  1.235E+02 4.50423E-27 -8.441E-03 ( 4.364E-14, 1.273E-15) ( 5.096E-14, 1.051E-15)  1.00E-07
  1.240E+02 4.39467E-27 -8.543E-03 ( 4.300E-14, 1.266E-15) ( 5.043E-14, 1.048E-15)  1.00E-07
  1.245E+02 4.28756E-27 -8.646E-03 ( 4.236E-14, 1.258E-15) ( 4.990E-14, 1.045E-15)  1.00E-07
  1.250E+02 4.18284E-27 -8.750E-03 ( 4.174E-14, 1.251E-15) ( 4.938E-14, 1.042E-15)  1.00E-07
  1.255E+02 4.08045E-27 -8.856E-03 ( 4.112E-14, 1.243E-15) ( 4.886E-14, 1.038E-15)  1.00E-07
  1.260E+02 3.98034E-27 -8.962E-03 ( 4.052E-14, 1.236E-15) ( 4.833E-14, 1.034E-15)  1.00E-07
  1.265E+02 3.88244E-27 -9.071E-03 ( 3.992E-14, 1.228E-15) ( 4.782E-14, 1.030E-15)  1.00E-07
  1.270E+02 3.78672E-27 -9.181E-03 ( 3.933E-14, 1.221E-15) ( 4.730E-14, 1.026E-15)  1.00E-07
  1.275E+02 3.69311E-27 -9.292E-03 ( 3.875E-14, 1.213E-15) ( 4.679E-14, 1.021E-15)  1.00E-07
  1.280E+02 3.60158E-27 -9.404E-03 ( 3.818E-14, 1.205E-15) ( 4.627E-14, 1.017E-15)  1.00E-07
  1.285E+02 3.51206E-27 -9.519E-03 ( 3.762E-14, 1.197E-15) ( 4.576E-14, 1.012E-15)  1.00E-07
  1.290E+02 3.42451E-27 -9.634E-03 ( 3.707E-14, 1.190E-15) ( 4.526E-14, 1.007E-15)  1.00E-07
  1.295E+02 3.33889E-27 -9.752E-03 ( 3.652E-14, 1.182E-15) ( 4.475E-14, 1.002E-15)  1.00E-07
  1.300E+02 3.25515E-27 -9.871E-03 ( 3.599E-14, 1.174E-15) ( 4.425E-14, 9.969E-16)  1.00E-07
  1.305E+02 3.17325E-27 -9.991E-03 ( 3.546E-14, 1.166E-15) ( 4.374E-14, 9.915E-16)  1.00E-07
  1.310E+02 3.09315E-27 -1.011E-02 ( 3.494E-14, 1.158E-15) ( 4.324E-14, 9.860E-16)  1.00E-07
  1.315E+02 3.01481E-27 -1.024E-02 ( 3.443E-14, 1.150E-15) ( 4.275E-14, 9.802E-16)  1.00E-07
  1.320E+02 2.93818E-27 -1.036E-02 ( 3.392E-14, 1.143E-15) ( 4.225E-14, 9.744E-16)  1.00E-07
  1.325E+02 2.86323E-27 -1.049E-02 ( 3.343E-14, 1.135E-15) ( 4.176E-14, 9.683E-16)  1.00E-07
  1.330E+02 2.78991E-27 -1.062E-02 ( 3.294E-14, 1.127E-15) ( 4.126E-14, 9.622E-16)  1.00E-07
  1.335E+02 2.71821E-27 -1.075E-02 ( 3.246E-14, 1.119E-15) ( 4.077E-14, 9.558E-16)  1.00E-07
  1.340E+02 2.64807E-27 -1.088E-02 ( 3.198E-14, 1.111E-15) ( 4.029E-14, 9.494E-16)  1.00E-07
  1.345E+02 2.57946E-27 -1.102E-02 ( 3.152E-14, 1.104E-15) ( 3.980E-14, 9.428E-16)  1.00E-07
  1.350E+02 2.51236E-27 -1.116E-02 ( 3.106E-14, 1.096E-15) ( 3.931E-14, 9.360E-16)  1.00E-07
  1.355E+02 2.44672E-27 -1.130E-02 ( 3.061E-14, 1.088E-15) ( 3.883E-14, 9.292E-16)  1.00E-07
  1.360E+02 2.38252E-27 -1.144E-02 ( 3.016E-14, 1.081E-15) ( 3.835E-14, 9.221E-16)  1.00E-07
  1.365E+02 2.31972E-27 -1.158E-02 ( 2.973E-14, 1.073E-15) ( 3.787E-14, 9.150E-16)  1.00E-07
  1.370E+02 2.25830E-27 -1.172E-02 ( 2.930E-14, 1.065E-15) ( 3.739E-14, 9.077E-16)  1.00E-07
  1.375E+02 2.19822E-27 -1.187E-02 ( 2.887E-14, 1.058E-15) ( 3.691E-14, 9.003E-16)  1.00E-07
  1.380E+02 2.13946E-27 -1.202E-02 ( 2.846E-14, 1.050E-15) ( 3.644E-14, 8.928E-16)  1.00E-07
  1.385E+02 2.08199E-27 -1.217E-02 ( 2.805E-14, 1.043E-15) ( 3.597E-14, 8.852E-16)  1.00E-07
  1.390E+02 2.02579E-27 -1.233E-02 ( 2.764E-14, 1.035E-15) ( 3.549E-14, 8.774E-16)  1.00E-07
  1.395E+02 1.97081E-27 -1.248E-02 ( 2.725E-14, 1.028E-15) ( 3.502E-14, 8.695E-16)  1.00E-07
  1.400E+02 1.91705E-27 -1.264E-02 ( 2.686E-14, 1.020E-15) ( 3.455E-14, 8.616E-16)  1.00E-07
  1.405E+02 1.86448E-27 -1.280E-02 ( 2.647E-14, 1.013E-15) ( 3.409E-14, 8.534E-16)  1.00E-07
  1.410E+02 1.81306E-27 -1.297E-02 ( 2.610E-14, 1.006E-15) ( 3.362E-14, 8.452E-16)  1.00E-07
  1.415E+02 1.76279E-27 -1.313E-02 ( 2.572E-14, 9.984E-16) ( 3.316E-14, 8.369E-16)  1.00E-07
  1.420E+02 1.71363E-27 -1.330E-02 ( 2.536E-14, 9.912E-16) ( 3.269E-14, 8.285E-16)  1.00E-07
  1.425E+02 1.66556E-27 -1.347E-02 ( 2.500E-14, 9.841E-16) ( 3.223E-14, 8.199E-16)  1.00E-07
  1.430E+02 1.61856E-27 -1.364E-02 ( 2.465E-14, 9.771E-16) ( 3.177E-14, 8.113E-16)  1.00E-07
  1.435E+02 1.57261E-27 -1.382E-02 ( 2.430E-14, 9.701E-16) ( 3.131E-14, 8.026E-16)  1.00E-07
  1.440E+02 1.52769E-27 -1.400E-02 ( 2.396E-14, 9.631E-16) ( 3.085E-14, 7.937E-16)  1.00E-07
  1.445E+02 1.48379E-27 -1.418E-02 ( 2.363E-14, 9.562E-16) ( 3.040E-14, 7.848E-16)  1.00E-07
  1.450E+02 1.44087E-27 -1.437E-02 ( 2.330E-14, 9.494E-16) ( 2.994E-14, 7.758E-16)  1.00E-07
  1.455E+02 1.39892E-27 -1.455E-02 ( 2.298E-14, 9.427E-16) ( 2.949E-14, 7.667E-16)  1.00E-07
  1.460E+02 1.35793E-27 -1.474E-02 ( 2.266E-14, 9.360E-16) ( 2.903E-14, 7.574E-16)  1.00E-07
  1.465E+02 1.31787E-27 -1.493E-02 ( 2.235E-14, 9.294E-16) ( 2.858E-14, 7.481E-16)  1.00E-07
  1.470E+02 1.27873E-27 -1.513E-02 ( 2.205E-14, 9.228E-16) ( 2.813E-14, 7.388E-16)  1.00E-07
  1.475E+02 1.24048E-27 -1.533E-02 ( 2.175E-14, 9.164E-16) ( 2.768E-14, 7.293E-16)  1.00E-07
  1.480E+02 1.20312E-27 -1.553E-02 ( 2.145E-14, 9.100E-16) ( 2.723E-14, 7.197E-16)  1.00E-07
  1.485E+02 1.16664E-27 -1.573E-02 ( 2.116E-14, 9.037E-16) ( 2.678E-14, 7.101E-16)  1.00E-07
  1.490E+02 1.13100E-27 -1.594E-02 ( 2.088E-14, 8.974E-16) ( 2.634E-14, 7.004E-16)  1.00E-07
  1.495E+02 1.09620E-27 -1.615E-02 ( 2.060E-14, 8.913E-16) ( 2.589E-14, 6.906E-16)  1.00E-07
  1.500E+02 1.06222E-27 -1.636E-02 ( 2.033E-14, 8.852E-16) ( 2.545E-14, 6.807E-16)  1.00E-07
  1.505E+02 1.02905E-27 -1.657E-02 ( 2.006E-14, 8.792E-16) ( 2.501E-14, 6.707E-16)  1.00E-07
  1.510E+02 9.96670E-28 -1.679E-02 ( 1.980E-14, 8.733E-16) ( 2.456E-14, 6.607E-16)  1.00E-07
  1.515E+02 9.65073E-28 -1.701E-02 ( 1.955E-14, 8.674E-16) ( 2.412E-14, 6.506E-16)  1.00E-07
  1.520E+02 9.34244E-28 -1.723E-02 ( 1.929E-14, 8.617E-16) ( 2.368E-14, 6.405E-16)  1.00E-07
  1.525E+02 9.04169E-28 -1.746E-02 ( 1.905E-14, 8.560E-16) ( 2.324E-14, 6.302E-16)  1.00E-07
  1.530E+02 8.74836E-28 -1.768E-02 ( 1.881E-14, 8.504E-16) ( 2.280E-14, 6.199E-16)  1.00E-07
  1.535E+02 8.46232E-28 -1.791E-02 ( 1.857E-14, 8.449E-16) ( 2.237E-14, 6.095E-16)  1.00E-07
  1.540E+02 8.18346E-28 -1.814E-02 ( 1.834E-14, 8.395E-16) ( 2.193E-14, 5.991E-16)  1.00E-07
  1.545E+02 7.91167E-28 -1.837E-02 ( 1.811E-14, 8.342E-16) ( 2.149E-14, 5.886E-16)  1.00E-07
  1.550E+02 7.64683E-28 -1.861E-02 ( 1.789E-14, 8.290E-16) ( 2.106E-14, 5.780E-16)  1.00E-07
  1.555E+02 7.38883E-28 -1.884E-02 ( 1.768E-14, 8.239E-16) ( 2.062E-14, 5.674E-16)  1.00E-07
  1.560E+02 7.13757E-28 -1.908E-02 ( 1.747E-14, 8.188E-16) ( 2.019E-14, 5.567E-16)  1.00E-07
  1.565E+02 6.89295E-28 -1.932E-02 ( 1.726E-14, 8.139E-16) ( 1.976E-14, 5.460E-16)  1.00E-07
  1.570E+02 6.65487E-28 -1.955E-02 ( 1.706E-14, 8.090E-16) ( 1.933E-14, 5.352E-16)  1.00E-07
  1.575E+02 6.42324E-28 -1.979E-02 ( 1.686E-14, 8.042E-16) ( 1.890E-14, 5.244E-16)  1.00E-07
  1.580E+02 6.19795E-28 -2.002E-02 ( 1.667E-14, 7.996E-16) ( 1.847E-14, 5.134E-16)  1.00E-07
  1.585E+02 5.97893E-28 -2.026E-02 ( 1.648E-14, 7.950E-16) ( 1.804E-14, 5.025E-16)  1.00E-07
  1.590E+02 5.76607E-28 -2.049E-02 ( 1.630E-14, 7.905E-16) ( 1.761E-14, 4.915E-16)  1.00E-07
  1.595E+02 5.55931E-28 -2.072E-02 ( 1.612E-14, 7.861E-16) ( 1.718E-14, 4.804E-16)  1.00E-07
  1.600E+02 5.35855E-28 -2.094E-02 ( 1.595E-14, 7.818E-16) ( 1.675E-14, 4.693E-16)  1.00E-07
  1.605E+02 5.16372E-28 -2.116E-02 ( 1.578E-14, 7.777E-16) ( 1.632E-14, 4.582E-16)  1.00E-07
  1.610E+02 4.97473E-28 -2.138E-02 ( 1.562E-14, 7.736E-16) ( 1.590E-14, 4.470E-16)  1.00E-07
  1.615E+02 4.79152E-28 -2.159E-02 ( 1.546E-14, 7.696E-16) ( 1.547E-14, 4.357E-16)  1.00E-07
  1.620E+02 4.61402E-28 -2.179E-02 ( 1.530E-14, 7.657E-16) ( 1.505E-14, 4.245E-16)  1.00E-07
  1.625E+02 4.44215E-28 -2.198E-02 ( 1.515E-14, 7.619E-16) ( 1.462E-14, 4.131E-16)  1.00E-07
  1.630E+02 4.27584E-28 -2.215E-02 ( 1.501E-14, 7.582E-16) ( 1.420E-14, 4.018E-16)  1.00E-07
  1.635E+02 4.11504E-28 -2.232E-02 ( 1.487E-14, 7.546E-16) ( 1.378E-14, 3.904E-16)  1.00E-07
  1.640E+02 3.95967E-28 -2.247E-02 ( 1.473E-14, 7.511E-16) ( 1.335E-14, 3.789E-16)  1.00E-07
  1.645E+02 3.80968E-28 -2.260E-02 ( 1.460E-14, 7.478E-16) ( 1.293E-14, 3.675E-16)  1.00E-07
  1.650E+02 3.66502E-28 -2.271E-02 ( 1.447E-14, 7.445E-16) ( 1.251E-14, 3.559E-16)  1.00E-07
  1.655E+02 3.52561E-28 -2.280E-02 ( 1.435E-14, 7.413E-16) ( 1.209E-14, 3.444E-16)  1.00E-07
  1.660E+02 3.39142E-28 -2.287E-02 ( 1.423E-14, 7.383E-16) ( 1.167E-14, 3.328E-16)  1.00E-07
  1.665E+02 3.26239E-28 -2.290E-02 ( 1.411E-14, 7.353E-16) ( 1.125E-14, 3.212E-16)  1.00E-07
  1.670E+02 3.13846E-28 -2.291E-02 ( 1.400E-14, 7.324E-16) ( 1.083E-14, 3.096E-16)  1.00E-07
  1.675E+02 3.01960E-28 -2.287E-02 ( 1.389E-14, 7.297E-16) ( 1.041E-14, 2.979E-16)  1.00E-07
  1.680E+02 2.90575E-28 -2.280E-02 ( 1.379E-14, 7.270E-16) ( 9.987E-15, 2.862E-16)  1.00E-07
  1.685E+02 2.79688E-28 -2.269E-02 ( 1.369E-14, 7.245E-16) ( 9.568E-15, 2.745E-16)  1.00E-07
  1.690E+02 2.69294E-28 -2.252E-02 ( 1.360E-14, 7.220E-16) ( 9.149E-15, 2.627E-16)  1.11E-07
  1.695E+02 2.59389E-28 -2.230E-02 ( 1.351E-14, 7.197E-16) ( 8.731E-15, 2.509E-16)  1.15E-07
  1.700E+02 2.49969E-28 -2.203E-02 ( 1.343E-14, 7.175E-16) ( 8.313E-15, 2.391E-16)  1.18E-07
  1.705E+02 2.41031E-28 -2.169E-02 ( 1.335E-14, 7.153E-16) ( 7.895E-15, 2.273E-16)  1.26E-07
  1.710E+02 2.32572E-28 -2.128E-02 ( 1.327E-14, 7.133E-16) ( 7.478E-15, 2.155E-16)  1.00E-07
  1.715E+02 2.24588E-28 -2.080E-02 ( 1.320E-14, 7.114E-16) ( 7.061E-15, 2.036E-16)  1.00E-07
  1.720E+02 2.17076E-28 -2.025E-02 ( 1.313E-14, 7.096E-16) ( 6.644E-15, 1.917E-16)  1.30E-07
  1.725E+02 2.10033E-28 -1.961E-02 ( 1.307E-14, 7.079E-16) ( 6.228E-15, 1.798E-16)  1.55E-07
  1.730E+02 2.03457E-28 -1.888E-02 ( 1.301E-14, 7.064E-16) ( 5.812E-15, 1.679E-16)  1.55E-07
  1.735E+02 1.97345E-28 -1.807E-02 ( 1.295E-14, 7.049E-16) ( 5.396E-15, 1.560E-16)  1.67E-07
  1.740E+02 1.91695E-28 -1.717E-02 ( 1.290E-14, 7.035E-16) ( 4.980E-15, 1.441E-16)  1.34E-07
  1.745E+02 1.86505E-28 -1.617E-02 ( 1.285E-14, 7.023E-16) ( 4.564E-15, 1.321E-16)  1.00E-07
  1.750E+02 1.81773E-28 -1.507E-02 ( 1.281E-14, 7.011E-16) ( 4.149E-15, 1.201E-16)  1.44E-07
  1.755E+02 1.77496E-28 -1.389E-02 ( 1.277E-14, 7.001E-16) ( 3.733E-15, 1.081E-16)  2.06E-07
  1.760E+02 1.73674E-28 -1.262E-02 ( 1.273E-14, 6.992E-16) ( 3.318E-15, 9.616E-17)  2.30E-07
  1.765E+02 1.70306E-28 -1.125E-02 ( 1.270E-14, 6.983E-16) ( 2.903E-15, 8.416E-17)  2.44E-07
  1.770E+02 1.67389E-28 -9.814E-03 ( 1.268E-14, 6.976E-16) ( 2.488E-15, 7.214E-17)  1.99E-07
  1.775E+02 1.64922E-28 -8.299E-03 ( 1.265E-14, 6.970E-16) ( 2.073E-15, 6.012E-17)  1.00E-07
  1.780E+02 1.62905E-28 -6.718E-03 ( 1.264E-14, 6.965E-16) ( 1.659E-15, 4.812E-17)  1.56E-07
  1.785E+02 1.61337E-28 -5.089E-03 ( 1.262E-14, 6.961E-16) ( 1.244E-15, 3.608E-17)  3.20E-07
  1.790E+02 1.60218E-28 -3.415E-03 ( 1.261E-14, 6.959E-16) ( 8.292E-16, 2.406E-17)  4.79E-07
  1.795E+02 1.59547E-28 -1.711E-03 ( 1.261E-14, 6.957E-16) ( 4.146E-16, 1.205E-17)  6.61E-07
  1.800E+02 1.59320E-28 -2.336E-17 ( 1.260E-14, 6.957E-16) ( 5.812E-30, 1.732E-31)  3.11E-06

  **** DPWA0 ENDED ************************************************************

