

  **** PARTIAL WAVE ANALYSIS (DPWA0) ******************************************


  KINETIC ENERGY = 3.70000E+06 eV

  ONLY INNER PHASE SHIFTS ARE TABULATED

      L       PHASE(SPIN UP)     PHASE(SPIN DOWN)
  -----------------------------------------------
       0     -6.19914332E-05      0.00000000E+00
       1     -1.31624455E-08     -4.86340004E-05
       2     -2.33129130E-12     -1.03180937E-08
       3     -6.97573700E-16     -1.82764309E-12
       4      0.00000000E+00      0.00000000E+00
       5      0.00000000E+00      0.00000000E+00
       6      0.00000000E+00      0.00000000E+00
       7      0.00000000E+00      0.00000000E+00
       8      0.00000000E+00      0.00000000E+00
       9      0.00000000E+00      0.00000000E+00
      10      0.00000000E+00      0.00000000E+00
      11      0.00000000E+00      0.00000000E+00


  *** SCATTERING AMPLITUDES AND DIFFERENTIAL CROSS SECTION ***

    ANGLE      DCS       ASYMMETRY    DIRECT AMPLITUDE       SPIN-FLIP AMPLITUDE     ERROR
    (deg)   (cm**2/sr)                      (cm)                    (cm)
  -------------------------------------------------------------------------------------------
  0.000E+00 1.00000E-45  0.000E+00 ( 0.000E+00, 0.000E+00) ( 0.000E+00, 0.000E+00)  1.00E+00
  1.000E-04 1.00000E-45  0.000E+00 ( 0.000E+00, 0.000E+00) ( 0.000E+00, 0.000E+00)  1.00E+00
  1.250E-04 1.00000E-45  0.000E+00 ( 0.000E+00, 0.000E+00) ( 0.000E+00, 0.000E+00)  1.00E+00
  1.500E-04 1.00000E-45  0.000E+00 ( 0.000E+00, 0.000E+00) ( 0.000E+00, 0.000E+00)  1.00E+00
  1.750E-04 1.00000E-45  0.000E+00 ( 0.000E+00, 0.000E+00) ( 0.000E+00, 0.000E+00)  1.00E+00
  2.000E-04 1.00000E-45  0.000E+00 ( 0.000E+00, 0.000E+00) ( 0.000E+00, 0.000E+00)  1.00E+00
  2.250E-04 1.00000E-45  0.000E+00 ( 0.000E+00, 0.000E+00) ( 0.000E+00, 0.000E+00)  1.00E+00
  2.500E-04 1.00000E-45  0.000E+00 ( 0.000E+00, 0.000E+00) ( 0.000E+00, 0.000E+00)  1.00E+00
  2.750E-04 1.00000E-45  0.000E+00 ( 0.000E+00, 0.000E+00) ( 0.000E+00, 0.000E+00)  1.00E+00
  3.000E-04 1.00000E-45  0.000E+00 ( 0.000E+00, 0.000E+00) ( 0.000E+00, 0.000E+00)  1.00E+00
  3.250E-04 1.00000E-45  0.000E+00 ( 0.000E+00, 0.000E+00) ( 0.000E+00, 0.000E+00)  1.00E+00
  3.500E-04 1.00000E-45  0.000E+00 ( 0.000E+00, 0.000E+00) ( 0.000E+00, 0.000E+00)  1.00E+00
  3.750E-04 1.00000E-45  0.000E+00 ( 0.000E+00, 0.000E+00) ( 0.000E+00, 0.000E+00)  1.00E+00
  4.000E-04 1.00000E-45  0.000E+00 ( 0.000E+00, 0.000E+00) ( 0.000E+00, 0.000E+00)  1.00E+00
  4.250E-04 1.00000E-45  0.000E+00 ( 0.000E+00, 0.000E+00) ( 0.000E+00, 0.000E+00)  1.00E+00
  4.500E-04 1.00000E-45  0.000E+00 ( 0.000E+00, 0.000E+00) ( 0.000E+00, 0.000E+00)  1.00E+00
  4.750E-04 1.00000E-45  0.000E+00 ( 0.000E+00, 0.000E+00) ( 0.000E+00, 0.000E+00)  1.00E+00
  5.000E-04 1.00000E-45  0.000E+00 ( 0.000E+00, 0.000E+00) ( 0.000E+00, 0.000E+00)  1.00E+00
  5.250E-04 1.00000E-45  0.000E+00 ( 0.000E+00, 0.000E+00) ( 0.000E+00, 0.000E+00)  1.00E+00
  5.500E-04 1.00000E-45  0.000E+00 ( 0.000E+00, 0.000E+00) ( 0.000E+00, 0.000E+00)  1.00E+00
  5.750E-04 1.00000E-45  0.000E+00 ( 0.000E+00, 0.000E+00) ( 0.000E+00, 0.000E+00)  1.00E+00
  6.000E-04 1.00000E-45  0.000E+00 ( 0.000E+00, 0.000E+00) ( 0.000E+00, 0.000E+00)  1.00E+00
  6.250E-04 1.00000E-45  0.000E+00 ( 0.000E+00, 0.000E+00) ( 0.000E+00, 0.000E+00)  1.00E+00
  6.500E-04 1.00000E-45  0.000E+00 ( 0.000E+00, 0.000E+00) ( 0.000E+00, 0.000E+00)  1.00E+00
  6.750E-04 1.00000E-45  0.000E+00 ( 0.000E+00, 0.000E+00) ( 0.000E+00, 0.000E+00)  1.00E+00
  7.000E-04 1.00000E-45  0.000E+00 ( 0.000E+00, 0.000E+00) ( 0.000E+00, 0.000E+00)  1.00E+00
  7.250E-04 1.00000E-45  0.000E+00 ( 0.000E+00, 0.000E+00) ( 0.000E+00, 0.000E+00)  1.00E+00
  7.500E-04 1.00000E-45  0.000E+00 ( 0.000E+00, 0.000E+00) ( 0.000E+00, 0.000E+00)  1.00E+00
  7.750E-04 1.00000E-45  0.000E+00 ( 0.000E+00, 0.000E+00) ( 0.000E+00, 0.000E+00)  1.00E+00
  8.000E-04 1.00000E-45  0.000E+00 ( 0.000E+00, 0.000E+00) ( 0.000E+00, 0.000E+00)  1.00E+00
  8.250E-04 1.00000E-45  0.000E+00 ( 0.000E+00, 0.000E+00) ( 0.000E+00, 0.000E+00)  1.00E+00
  8.500E-04 1.00000E-45  0.000E+00 ( 0.000E+00, 0.000E+00) ( 0.000E+00, 0.000E+00)  1.00E+00
  8.750E-04 1.00000E-45  0.000E+00 ( 0.000E+00, 0.000E+00) ( 0.000E+00, 0.000E+00)  1.00E+00
  9.000E-04 1.00000E-45  0.000E+00 ( 0.000E+00, 0.000E+00) ( 0.000E+00, 0.000E+00)  1.00E+00
  9.250E-04 1.00000E-45  0.000E+00 ( 0.000E+00, 0.000E+00) ( 0.000E+00, 0.000E+00)  1.00E+00
  9.500E-04 1.00000E-45  0.000E+00 ( 0.000E+00, 0.000E+00) ( 0.000E+00, 0.000E+00)  1.00E+00
  9.750E-04 1.00000E-45  0.000E+00 ( 0.000E+00, 0.000E+00) ( 0.000E+00, 0.000E+00)  1.00E+00
  1.000E-03 1.00000E-45  0.000E+00 ( 0.000E+00, 0.000E+00) ( 0.000E+00, 0.000E+00)  1.00E+00
  1.250E-03 1.00000E-45  0.000E+00 ( 0.000E+00, 0.000E+00) ( 0.000E+00, 0.000E+00)  1.00E+00
  1.500E-03 1.00000E-45  0.000E+00 ( 0.000E+00, 0.000E+00) ( 0.000E+00, 0.000E+00)  1.00E+00
  1.750E-03 1.00000E-45  0.000E+00 ( 0.000E+00, 0.000E+00) ( 0.000E+00, 0.000E+00)  1.00E+00
  2.000E-03 1.00000E-45  0.000E+00 ( 0.000E+00, 0.000E+00) ( 0.000E+00, 0.000E+00)  1.00E+00
  2.250E-03 1.00000E-45  0.000E+00 ( 0.000E+00, 0.000E+00) ( 0.000E+00, 0.000E+00)  1.00E+00
  2.500E-03 1.00000E-45  0.000E+00 ( 0.000E+00, 0.000E+00) ( 0.000E+00, 0.000E+00)  1.00E+00
  2.750E-03 1.00000E-45  0.000E+00 ( 0.000E+00, 0.000E+00) ( 0.000E+00, 0.000E+00)  1.00E+00
  3.000E-03 1.00000E-45  0.000E+00 ( 0.000E+00, 0.000E+00) ( 0.000E+00, 0.000E+00)  1.00E+00
  3.250E-03 1.00000E-45  0.000E+00 ( 0.000E+00, 0.000E+00) ( 0.000E+00, 0.000E+00)  1.00E+00
  3.500E-03 1.00000E-45  0.000E+00 ( 0.000E+00, 0.000E+00) ( 0.000E+00, 0.000E+00)  1.00E+00
  3.750E-03 1.00000E-45  0.000E+00 ( 0.000E+00, 0.000E+00) ( 0.000E+00, 0.000E+00)  1.00E+00
  4.000E-03 1.00000E-45  0.000E+00 ( 0.000E+00, 0.000E+00) ( 0.000E+00, 0.000E+00)  1.00E+00
  4.250E-03 1.00000E-45  0.000E+00 ( 0.000E+00, 0.000E+00) ( 0.000E+00, 0.000E+00)  1.00E+00
  4.500E-03 1.00000E-45  0.000E+00 ( 0.000E+00, 0.000E+00) ( 0.000E+00, 0.000E+00)  1.00E+00
  4.750E-03 1.00000E-45  0.000E+00 ( 0.000E+00, 0.000E+00) ( 0.000E+00, 0.000E+00)  1.00E+00
  5.000E-03 1.00000E-45  0.000E+00 ( 0.000E+00, 0.000E+00) ( 0.000E+00, 0.000E+00)  1.00E+00
  5.250E-03 1.00000E-45  0.000E+00 ( 0.000E+00, 0.000E+00) ( 0.000E+00, 0.000E+00)  1.00E+00
  5.500E-03 1.00000E-45  0.000E+00 ( 0.000E+00, 0.000E+00) ( 0.000E+00, 0.000E+00)  1.00E+00
  5.750E-03 1.00000E-45  0.000E+00 ( 0.000E+00, 0.000E+00) ( 0.000E+00, 0.000E+00)  1.00E+00
  6.000E-03 1.00000E-45  0.000E+00 ( 0.000E+00, 0.000E+00) ( 0.000E+00, 0.000E+00)  1.00E+00
  6.250E-03 1.00000E-45  0.000E+00 ( 0.000E+00, 0.000E+00) ( 0.000E+00, 0.000E+00)  1.00E+00
  6.500E-03 1.00000E-45  0.000E+00 ( 0.000E+00, 0.000E+00) ( 0.000E+00, 0.000E+00)  1.00E+00
  6.750E-03 1.00000E-45  0.000E+00 ( 0.000E+00, 0.000E+00) ( 0.000E+00, 0.000E+00)  1.00E+00
  7.000E-03 1.00000E-45  0.000E+00 ( 0.000E+00, 0.000E+00) ( 0.000E+00, 0.000E+00)  1.00E+00
  7.250E-03 1.00000E-45  0.000E+00 ( 0.000E+00, 0.000E+00) ( 0.000E+00, 0.000E+00)  1.00E+00
  7.500E-03 1.00000E-45  0.000E+00 ( 0.000E+00, 0.000E+00) ( 0.000E+00, 0.000E+00)  1.00E+00
  7.750E-03 1.00000E-45  0.000E+00 ( 0.000E+00, 0.000E+00) ( 0.000E+00, 0.000E+00)  1.00E+00
  8.000E-03 1.00000E-45  0.000E+00 ( 0.000E+00, 0.000E+00) ( 0.000E+00, 0.000E+00)  1.00E+00
  8.250E-03 1.00000E-45  0.000E+00 ( 0.000E+00, 0.000E+00) ( 0.000E+00, 0.000E+00)  1.00E+00
  8.500E-03 1.00000E-45  0.000E+00 ( 0.000E+00, 0.000E+00) ( 0.000E+00, 0.000E+00)  1.00E+00
  8.750E-03 1.00000E-45  0.000E+00 ( 0.000E+00, 0.000E+00) ( 0.000E+00, 0.000E+00)  1.00E+00
  9.000E-03 1.00000E-45  0.000E+00 ( 0.000E+00, 0.000E+00) ( 0.000E+00, 0.000E+00)  1.00E+00
  9.250E-03 1.00000E-45  0.000E+00 ( 0.000E+00, 0.000E+00) ( 0.000E+00, 0.000E+00)  1.00E+00
  9.500E-03 1.00000E-45  0.000E+00 ( 0.000E+00, 0.000E+00) ( 0.000E+00, 0.000E+00)  1.00E+00
  9.750E-03 1.00000E-45  0.000E+00 ( 0.000E+00, 0.000E+00) ( 0.000E+00, 0.000E+00)  1.00E+00
  1.000E-02 1.00000E-45  0.000E+00 ( 0.000E+00, 0.000E+00) ( 0.000E+00, 0.000E+00)  1.00E+00
  1.250E-02 1.00000E-45  0.000E+00 ( 0.000E+00, 0.000E+00) ( 0.000E+00, 0.000E+00)  1.00E+00
  1.500E-02 1.00000E-45  0.000E+00 ( 0.000E+00, 0.000E+00) ( 0.000E+00, 0.000E+00)  1.00E+00
  1.750E-02 1.00000E-45  0.000E+00 ( 0.000E+00, 0.000E+00) ( 0.000E+00, 0.000E+00)  1.00E+00
  2.000E-02 1.00000E-45  0.000E+00 ( 0.000E+00, 0.000E+00) ( 0.000E+00, 0.000E+00)  1.00E+00
  2.250E-02 1.00000E-45  0.000E+00 ( 0.000E+00, 0.000E+00) ( 0.000E+00, 0.000E+00)  1.00E+00
  2.500E-02 1.00000E-45  0.000E+00 ( 0.000E+00, 0.000E+00) ( 0.000E+00, 0.000E+00)  1.00E+00
  2.750E-02 1.00000E-45  0.000E+00 ( 0.000E+00, 0.000E+00) ( 0.000E+00, 0.000E+00)  1.00E+00
  3.000E-02 1.00000E-45  0.000E+00 ( 0.000E+00, 0.000E+00) ( 0.000E+00, 0.000E+00)  1.00E+00
  3.250E-02 1.00000E-45  0.000E+00 ( 0.000E+00, 0.000E+00) ( 0.000E+00, 0.000E+00)  1.00E+00
  3.500E-02 1.00000E-45  0.000E+00 ( 0.000E+00, 0.000E+00) ( 0.000E+00, 0.000E+00)  1.00E+00
  3.750E-02 1.00000E-45  0.000E+00 ( 0.000E+00, 0.000E+00) ( 0.000E+00, 0.000E+00)  1.00E+00
  4.000E-02 1.00000E-45  0.000E+00 ( 0.000E+00, 0.000E+00) ( 0.000E+00, 0.000E+00)  1.00E+00
  4.250E-02 1.00000E-45  0.000E+00 ( 0.000E+00, 0.000E+00) ( 0.000E+00, 0.000E+00)  1.00E+00
  4.500E-02 1.00000E-45  0.000E+00 ( 0.000E+00, 0.000E+00) ( 0.000E+00, 0.000E+00)  1.00E+00
  4.750E-02 1.00000E-45  0.000E+00 ( 0.000E+00, 0.000E+00) ( 0.000E+00, 0.000E+00)  1.00E+00
  5.000E-02 1.00000E-45  0.000E+00 ( 0.000E+00, 0.000E+00) ( 0.000E+00, 0.000E+00)  1.00E+00
  5.250E-02 1.00000E-45  0.000E+00 ( 0.000E+00, 0.000E+00) ( 0.000E+00, 0.000E+00)  1.00E+00
  5.500E-02 1.00000E-45  0.000E+00 ( 0.000E+00, 0.000E+00) ( 0.000E+00, 0.000E+00)  1.00E+00
  5.750E-02 1.00000E-45  0.000E+00 ( 0.000E+00, 0.000E+00) ( 0.000E+00, 0.000E+00)  1.00E+00
  6.000E-02 1.00000E-45  0.000E+00 ( 0.000E+00, 0.000E+00) ( 0.000E+00, 0.000E+00)  1.00E+00
  6.250E-02 1.00000E-45  0.000E+00 ( 0.000E+00, 0.000E+00) ( 0.000E+00, 0.000E+00)  1.00E+00
  6.500E-02 1.00000E-45  0.000E+00 ( 0.000E+00, 0.000E+00) ( 0.000E+00, 0.000E+00)  1.00E+00
  6.750E-02 1.00000E-45  0.000E+00 ( 0.000E+00, 0.000E+00) ( 0.000E+00, 0.000E+00)  1.00E+00
  7.000E-02 1.00000E-45  0.000E+00 ( 0.000E+00, 0.000E+00) ( 0.000E+00, 0.000E+00)  1.00E+00
  7.250E-02 1.00000E-45  0.000E+00 ( 0.000E+00, 0.000E+00) ( 0.000E+00, 0.000E+00)  1.00E+00
  7.500E-02 1.00000E-45  0.000E+00 ( 0.000E+00, 0.000E+00) ( 0.000E+00, 0.000E+00)  1.00E+00
  7.750E-02 1.00000E-45  0.000E+00 ( 0.000E+00, 0.000E+00) ( 0.000E+00, 0.000E+00)  1.00E+00
  8.000E-02 1.00000E-45  0.000E+00 ( 0.000E+00, 0.000E+00) ( 0.000E+00, 0.000E+00)  1.00E+00
  8.250E-02 1.00000E-45  0.000E+00 ( 0.000E+00, 0.000E+00) ( 0.000E+00, 0.000E+00)  1.00E+00
  8.500E-02 1.00000E-45  0.000E+00 ( 0.000E+00, 0.000E+00) ( 0.000E+00, 0.000E+00)  1.00E+00
  8.750E-02 1.00000E-45  0.000E+00 ( 0.000E+00, 0.000E+00) ( 0.000E+00, 0.000E+00)  1.00E+00
  9.000E-02 1.00000E-45  0.000E+00 ( 0.000E+00, 0.000E+00) ( 0.000E+00, 0.000E+00)  1.00E+00
  9.250E-02 1.00000E-45  0.000E+00 ( 0.000E+00, 0.000E+00) ( 0.000E+00, 0.000E+00)  1.00E+00
  9.500E-02 1.00000E-45  0.000E+00 ( 0.000E+00, 0.000E+00) ( 0.000E+00, 0.000E+00)  1.00E+00
  9.750E-02 1.00000E-45  0.000E+00 ( 0.000E+00, 0.000E+00) ( 0.000E+00, 0.000E+00)  1.00E+00
  1.000E-01 1.00000E-45  0.000E+00 ( 0.000E+00, 0.000E+00) ( 0.000E+00, 0.000E+00)  1.00E+00
  1.250E-01 1.00000E-45  0.000E+00 ( 0.000E+00, 0.000E+00) ( 0.000E+00, 0.000E+00)  1.00E+00
  1.500E-01 1.00000E-45  0.000E+00 ( 0.000E+00, 0.000E+00) ( 0.000E+00, 0.000E+00)  1.00E+00
  1.750E-01 1.00000E-45  0.000E+00 ( 0.000E+00, 0.000E+00) ( 0.000E+00, 0.000E+00)  1.00E+00
  2.000E-01 1.00000E-45  0.000E+00 ( 0.000E+00, 0.000E+00) ( 0.000E+00, 0.000E+00)  1.00E+00
  2.250E-01 1.00000E-45  0.000E+00 ( 0.000E+00, 0.000E+00) ( 0.000E+00, 0.000E+00)  1.00E+00
  2.500E-01 1.00000E-45  0.000E+00 ( 0.000E+00, 0.000E+00) ( 0.000E+00, 0.000E+00)  1.00E+00
  2.750E-01 1.00000E-45  0.000E+00 ( 0.000E+00, 0.000E+00) ( 0.000E+00, 0.000E+00)  1.00E+00
  3.000E-01 1.00000E-45  0.000E+00 ( 0.000E+00, 0.000E+00) ( 0.000E+00, 0.000E+00)  1.00E+00
  3.250E-01 1.00000E-45  0.000E+00 ( 0.000E+00, 0.000E+00) ( 0.000E+00, 0.000E+00)  1.00E+00
  3.500E-01 1.00000E-45  0.000E+00 ( 0.000E+00, 0.000E+00) ( 0.000E+00, 0.000E+00)  1.00E+00
  3.750E-01 1.00000E-45  0.000E+00 ( 0.000E+00, 0.000E+00) ( 0.000E+00, 0.000E+00)  1.00E+00
  4.000E-01 1.00000E-45  0.000E+00 ( 0.000E+00, 0.000E+00) ( 0.000E+00, 0.000E+00)  1.00E+00
  4.250E-01 1.00000E-45  0.000E+00 ( 0.000E+00, 0.000E+00) ( 0.000E+00, 0.000E+00)  1.00E+00
  4.500E-01 1.00000E-45  0.000E+00 ( 0.000E+00, 0.000E+00) ( 0.000E+00, 0.000E+00)  1.00E+00
  4.750E-01 1.00000E-45  0.000E+00 ( 0.000E+00, 0.000E+00) ( 0.000E+00, 0.000E+00)  1.00E+00
  5.000E-01 1.00000E-45  0.000E+00 ( 0.000E+00, 0.000E+00) ( 0.000E+00, 0.000E+00)  1.00E+00
  5.250E-01 1.00000E-45  0.000E+00 ( 0.000E+00, 0.000E+00) ( 0.000E+00, 0.000E+00)  1.00E+00
  5.500E-01 1.00000E-45  0.000E+00 ( 0.000E+00, 0.000E+00) ( 0.000E+00, 0.000E+00)  1.00E+00
  5.750E-01 1.00000E-45  0.000E+00 ( 0.000E+00, 0.000E+00) ( 0.000E+00, 0.000E+00)  1.00E+00
  6.000E-01 1.00000E-45  0.000E+00 ( 0.000E+00, 0.000E+00) ( 0.000E+00, 0.000E+00)  1.00E+00
  6.250E-01 1.00000E-45  0.000E+00 ( 0.000E+00, 0.000E+00) ( 0.000E+00, 0.000E+00)  1.00E+00
  6.500E-01 1.00000E-45  0.000E+00 ( 0.000E+00, 0.000E+00) ( 0.000E+00, 0.000E+00)  1.00E+00
  6.750E-01 1.00000E-45  0.000E+00 ( 0.000E+00, 0.000E+00) ( 0.000E+00, 0.000E+00)  1.00E+00
  7.000E-01 1.00000E-45  0.000E+00 ( 0.000E+00, 0.000E+00) ( 0.000E+00, 0.000E+00)  1.00E+00
  7.250E-01 1.00000E-45  0.000E+00 ( 0.000E+00, 0.000E+00) ( 0.000E+00, 0.000E+00)  1.00E+00
  7.500E-01 1.00000E-45  0.000E+00 ( 0.000E+00, 0.000E+00) ( 0.000E+00, 0.000E+00)  1.00E+00
  7.750E-01 1.00000E-45  0.000E+00 ( 0.000E+00, 0.000E+00) ( 0.000E+00, 0.000E+00)  1.00E+00
  8.000E-01 1.00000E-45  0.000E+00 ( 0.000E+00, 0.000E+00) ( 0.000E+00, 0.000E+00)  1.00E+00
  8.250E-01 1.00000E-45  0.000E+00 ( 0.000E+00, 0.000E+00) ( 0.000E+00, 0.000E+00)  1.00E+00
  8.500E-01 1.00000E-45  0.000E+00 ( 0.000E+00, 0.000E+00) ( 0.000E+00, 0.000E+00)  1.00E+00
  8.750E-01 1.00000E-45  0.000E+00 ( 0.000E+00, 0.000E+00) ( 0.000E+00, 0.000E+00)  1.00E+00
  9.000E-01 1.00000E-45  0.000E+00 ( 0.000E+00, 0.000E+00) ( 0.000E+00, 0.000E+00)  1.00E+00
  9.250E-01 1.00000E-45  0.000E+00 ( 0.000E+00, 0.000E+00) ( 0.000E+00, 0.000E+00)  1.00E+00
  9.500E-01 1.00000E-45  0.000E+00 ( 0.000E+00, 0.000E+00) ( 0.000E+00, 0.000E+00)  1.00E+00
  9.750E-01 1.00000E-45  0.000E+00 ( 0.000E+00, 0.000E+00) ( 0.000E+00, 0.000E+00)  1.00E+00
  1.000E+00 4.21319E-18  0.000E+00 ( 1.749E-09,-1.075E-09) ( 1.341E-11,-8.243E-12)  6.61E-05
  1.100E+00 2.87816E-18  0.000E+00 ( 1.456E-09,-8.700E-10) ( 1.229E-11,-7.340E-12)  4.85E-05
  1.200E+00 2.03251E-18  0.000E+00 ( 1.232E-09,-7.170E-10) ( 1.134E-11,-6.598E-12)  2.53E-05
  1.300E+00 1.47591E-18  0.000E+00 ( 1.056E-09,-5.998E-10) ( 1.053E-11,-5.980E-12)  3.70E-06
  1.400E+00 1.09747E-18  0.000E+00 ( 9.160E-10,-5.083E-10) ( 9.835E-12,-5.457E-12)  1.24E-05
  1.500E+00 8.32943E-19  0.000E+00 ( 8.020E-10,-4.355E-10) ( 9.226E-12,-5.010E-12)  2.01E-05
  1.600E+00 6.43537E-19  0.000E+00 ( 7.082E-10,-3.767E-10) ( 8.690E-12,-4.623E-12)  2.06E-05
  1.700E+00 5.05046E-19  0.000E+00 ( 6.300E-10,-3.287E-10) ( 8.214E-12,-4.285E-12)  1.58E-05
  1.800E+00 4.01892E-19  0.000E+00 ( 5.642E-10,-2.889E-10) ( 7.789E-12,-3.989E-12)  8.32E-06
  1.900E+00 3.23785E-19  0.000E+00 ( 5.083E-10,-2.557E-10) ( 7.407E-12,-3.726E-12)  5.18E-07
  2.000E+00 2.63769E-19  0.000E+00 ( 4.603E-10,-2.277E-10) ( 7.061E-12,-3.492E-12)  5.89E-06
  2.100E+00 2.17039E-19  0.000E+00 ( 4.189E-10,-2.038E-10) ( 6.747E-12,-3.283E-12)  9.09E-06
  2.200E+00 1.80217E-19  0.000E+00 ( 3.828E-10,-1.834E-10) ( 6.460E-12,-3.094E-12)  9.27E-06
  2.300E+00 1.50885E-19  0.000E+00 ( 3.513E-10,-1.657E-10) ( 6.197E-12,-2.924E-12)  7.16E-06
  2.400E+00 1.27287E-19  0.000E+00 ( 3.235E-10,-1.504E-10) ( 5.955E-12,-2.768E-12)  3.61E-06
  2.500E+00 1.08128E-19  0.000E+00 ( 2.989E-10,-1.370E-10) ( 5.731E-12,-2.627E-12)  4.31E-07
  2.600E+00 9.24436E-20  0.000E+00 ( 2.770E-10,-1.252E-10) ( 5.525E-12,-2.497E-12)  3.45E-06
  2.700E+00 7.95033E-20  0.000E+00 ( 2.575E-10,-1.148E-10) ( 5.332E-12,-2.379E-12)  5.04E-06
  2.800E+00 6.87509E-20  0.000E+00 ( 2.399E-10,-1.056E-10) ( 5.153E-12,-2.269E-12)  5.06E-06
  2.900E+00 5.97569E-20  0.000E+00 ( 2.241E-10,-9.744E-11) ( 4.986E-12,-2.168E-12)  3.83E-06
  3.000E+00 5.21872E-20  0.000E+00 ( 2.099E-10,-9.012E-11) ( 4.830E-12,-2.074E-12)  1.80E-06
  3.100E+00 4.57795E-20  0.000E+00 ( 1.969E-10,-8.355E-11) ( 4.683E-12,-1.987E-12)  5.54E-07
  3.200E+00 4.03262E-20  0.000E+00 ( 1.851E-10,-7.763E-11) ( 4.545E-12,-1.906E-12)  2.28E-06
  3.300E+00 3.56615E-20  0.000E+00 ( 1.744E-10,-7.230E-11) ( 4.415E-12,-1.830E-12)  3.15E-06
  3.400E+00 3.16525E-20  0.000E+00 ( 1.646E-10,-6.746E-11) ( 4.293E-12,-1.760E-12)  3.09E-06
  3.500E+00 2.81915E-20  0.000E+00 ( 1.555E-10,-6.307E-11) ( 4.177E-12,-1.694E-12)  2.27E-06
  3.600E+00 2.51912E-20  0.000E+00 ( 1.473E-10,-5.907E-11) ( 4.067E-12,-1.632E-12)  9.67E-07
  3.700E+00 2.25797E-20  0.000E+00 ( 1.396E-10,-5.541E-11) ( 3.963E-12,-1.573E-12)  5.49E-07
  3.800E+00 2.02982E-20  0.000E+00 ( 1.326E-10,-5.207E-11) ( 3.865E-12,-1.518E-12)  1.62E-06
  3.900E+00 1.82979E-20  0.000E+00 ( 1.260E-10,-4.900E-11) ( 3.771E-12,-1.467E-12)  2.13E-06
  4.000E+00 1.65381E-20  0.000E+00 ( 1.200E-10,-4.619E-11) ( 3.682E-12,-1.418E-12)  2.03E-06
  4.100E+00 1.49850E-20  0.000E+00 ( 1.143E-10,-4.359E-11) ( 3.597E-12,-1.371E-12)  1.44E-06
  4.200E+00 1.36101E-20  0.000E+00 ( 1.091E-10,-4.119E-11) ( 3.516E-12,-1.328E-12)  5.36E-07
  4.300E+00 1.23894E-20  0.000E+00 ( 1.042E-10,-3.898E-11) ( 3.438E-12,-1.286E-12)  5.07E-07
  4.400E+00 1.13026E-20  0.000E+00 ( 9.963E-11,-3.692E-11) ( 3.364E-12,-1.247E-12)  1.21E-06
  4.500E+00 1.03324E-20  0.000E+00 ( 9.536E-11,-3.502E-11) ( 3.293E-12,-1.209E-12)  1.52E-06
  4.600E+00 9.46424E-21  0.000E+00 ( 9.136E-11,-3.325E-11) ( 3.225E-12,-1.174E-12)  1.41E-06
  4.700E+00 8.68540E-21  0.000E+00 ( 8.761E-11,-3.160E-11) ( 3.160E-12,-1.140E-12)  9.56E-07
  4.800E+00 7.98510E-21  0.000E+00 ( 8.409E-11,-3.007E-11) ( 3.098E-12,-1.108E-12)  2.95E-07
  4.900E+00 7.35402E-21  0.000E+00 ( 8.077E-11,-2.863E-11) ( 3.038E-12,-1.077E-12)  4.57E-07
  5.000E+00 6.78410E-21  0.000E+00 ( 7.765E-11,-2.729E-11) ( 2.980E-12,-1.047E-12)  9.38E-07
  5.100E+00 6.26837E-21  0.000E+00 ( 7.470E-11,-2.604E-11) ( 2.924E-12,-1.019E-12)  1.12E-06
  5.200E+00 5.80075E-21  0.000E+00 ( 7.193E-11,-2.486E-11) ( 2.871E-12,-9.925E-13)  1.01E-06
  5.300E+00 5.37597E-21  0.000E+00 ( 6.930E-11,-2.376E-11) ( 2.819E-12,-9.667E-13)  6.54E-07
  5.400E+00 4.98939E-21  0.000E+00 ( 6.682E-11,-2.272E-11) ( 2.770E-12,-9.420E-13)  1.53E-07
  5.500E+00 4.63696E-21  0.000E+00 ( 6.446E-11,-2.175E-11) ( 2.722E-12,-9.184E-13)  4.09E-07
  5.600E+00 4.31512E-21  0.000E+00 ( 6.223E-11,-2.083E-11) ( 2.675E-12,-8.957E-13)  7.47E-07
  5.700E+00 4.02075E-21  0.000E+00 ( 6.012E-11,-1.997E-11) ( 2.631E-12,-8.739E-13)  8.54E-07
  5.800E+00 3.75107E-21  0.000E+00 ( 5.811E-11,-1.915E-11) ( 2.587E-12,-8.529E-13)  7.49E-07
  5.900E+00 3.50364E-21  0.000E+00 ( 5.620E-11,-1.838E-11) ( 2.546E-12,-8.328E-13)  4.56E-07
  6.000E+00 3.27630E-21  0.000E+00 ( 5.438E-11,-1.765E-11) ( 2.505E-12,-8.134E-13)  1.00E-07
  6.100E+00 3.06711E-21  0.000E+00 ( 5.265E-11,-1.697E-11) ( 2.466E-12,-7.947E-13)  3.65E-07
  6.200E+00 2.87436E-21  0.000E+00 ( 5.101E-11,-1.631E-11) ( 2.428E-12,-7.768E-13)  6.06E-07
  6.300E+00 2.69653E-21  0.000E+00 ( 4.944E-11,-1.570E-11) ( 2.391E-12,-7.594E-13)  6.65E-07
  6.400E+00 2.53225E-21  0.000E+00 ( 4.794E-11,-1.511E-11) ( 2.356E-12,-7.427E-13)  5.66E-07
  6.500E+00 2.38030E-21  0.000E+00 ( 4.650E-11,-1.455E-11) ( 2.321E-12,-7.266E-13)  3.22E-07
  6.600E+00 2.23958E-21  0.000E+00 ( 4.513E-11,-1.403E-11) ( 2.287E-12,-7.110E-13)  1.00E-07
  6.700E+00 2.10912E-21  0.000E+00 ( 4.383E-11,-1.352E-11) ( 2.255E-12,-6.960E-13)  3.26E-07
  6.800E+00 1.98803E-21  0.000E+00 ( 4.257E-11,-1.305E-11) ( 2.223E-12,-6.815E-13)  5.00E-07
  6.900E+00 1.87551E-21  0.000E+00 ( 4.137E-11,-1.259E-11) ( 2.192E-12,-6.674E-13)  5.29E-07
  7.000E+00 1.77085E-21  0.000E+00 ( 4.022E-11,-1.216E-11) ( 2.162E-12,-6.538E-13)  4.34E-07
  7.100E+00 1.67339E-21  0.000E+00 ( 3.912E-11,-1.175E-11) ( 2.133E-12,-6.407E-13)  2.28E-07
  7.200E+00 1.58255E-21  0.000E+00 ( 3.806E-11,-1.135E-11) ( 2.105E-12,-6.279E-13)  1.00E-07
  7.300E+00 1.49779E-21  0.000E+00 ( 3.705E-11,-1.098E-11) ( 2.077E-12,-6.156E-13)  2.91E-07
  7.400E+00 1.41864E-21  0.000E+00 ( 3.607E-11,-1.062E-11) ( 2.050E-12,-6.036E-13)  4.18E-07
  7.500E+00 1.34465E-21  0.000E+00 ( 3.514E-11,-1.027E-11) ( 2.024E-12,-5.920E-13)  4.27E-07
  7.600E+00 1.27543E-21  0.000E+00 ( 3.424E-11,-9.945E-12) ( 1.999E-12,-5.808E-13)  3.37E-07
  7.700E+00 1.21060E-21  0.000E+00 ( 3.337E-11,-9.631E-12) ( 1.974E-12,-5.699E-13)  1.61E-07
  7.800E+00 1.14985E-21  0.000E+00 ( 3.254E-11,-9.331E-12) ( 1.950E-12,-5.593E-13)  1.00E-07
  7.900E+00 1.09286E-21  0.000E+00 ( 3.173E-11,-9.043E-12) ( 1.926E-12,-5.490E-13)  2.61E-07
  8.000E+00 1.03936E-21  0.000E+00 ( 3.096E-11,-8.767E-12) ( 1.903E-12,-5.390E-13)  3.52E-07
  8.100E+00 9.89101E-22  0.000E+00 ( 3.022E-11,-8.503E-12) ( 1.880E-12,-5.293E-13)  3.49E-07
  8.200E+00 9.41844E-22  0.000E+00 ( 2.950E-11,-8.249E-12) ( 1.858E-12,-5.199E-13)  2.63E-07
  8.300E+00 8.97377E-22  0.000E+00 ( 2.880E-11,-8.006E-12) ( 1.837E-12,-5.108E-13)  1.11E-07
  8.400E+00 8.55506E-22  0.000E+00 ( 2.813E-11,-7.772E-12) ( 1.816E-12,-5.018E-13)  1.00E-07
  8.500E+00 8.16050E-22  0.000E+00 ( 2.749E-11,-7.548E-12) ( 1.795E-12,-4.932E-13)  2.34E-07
  8.600E+00 7.78844E-22  0.000E+00 ( 2.686E-11,-7.332E-12) ( 1.775E-12,-4.847E-13)  2.99E-07
  8.700E+00 7.43737E-22  0.000E+00 ( 2.626E-11,-7.124E-12) ( 1.756E-12,-4.765E-13)  2.88E-07
  8.800E+00 7.10587E-22  0.000E+00 ( 2.568E-11,-6.925E-12) ( 1.737E-12,-4.685E-13)  2.07E-07
  8.900E+00 6.79264E-22  0.000E+00 ( 2.512E-11,-6.733E-12) ( 1.718E-12,-4.607E-13)  1.00E-07
  9.000E+00 6.49650E-22  0.000E+00 ( 2.457E-11,-6.548E-12) ( 1.700E-12,-4.531E-13)  1.02E-07
  9.100E+00 6.21634E-22  0.000E+00 ( 2.404E-11,-6.370E-12) ( 1.682E-12,-4.457E-13)  2.11E-07
  9.200E+00 5.95113E-22  0.000E+00 ( 2.353E-11,-6.199E-12) ( 1.664E-12,-4.385E-13)  2.55E-07
  9.300E+00 5.69992E-22  0.000E+00 ( 2.304E-11,-6.033E-12) ( 1.647E-12,-4.315E-13)  2.39E-07
  9.400E+00 5.46183E-22  0.000E+00 ( 2.256E-11,-5.874E-12) ( 1.630E-12,-4.246E-13)  1.63E-07
  9.500E+00 5.23606E-22  0.000E+00 ( 2.209E-11,-5.720E-12) ( 1.613E-12,-4.180E-13)  1.00E-07
  9.600E+00 5.02184E-22  0.000E+00 ( 2.164E-11,-5.572E-12) ( 1.597E-12,-4.114E-13)  1.03E-07
  9.700E+00 4.81848E-22  0.000E+00 ( 2.121E-11,-5.429E-12) ( 1.581E-12,-4.051E-13)  1.89E-07
  9.800E+00 4.62531E-22  0.000E+00 ( 2.078E-11,-5.291E-12) ( 1.566E-12,-3.988E-13)  2.19E-07
  9.900E+00 4.44173E-22  0.000E+00 ( 2.037E-11,-5.157E-12) ( 1.551E-12,-3.928E-13)  1.99E-07
  1.000E+01 4.26718E-22  0.000E+00 ( 1.997E-11,-5.028E-12) ( 1.536E-12,-3.868E-13)  1.28E-07
  1.025E+01 3.86690E-22  0.000E+00 ( 1.903E-11,-4.724E-12) ( 1.500E-12,-3.726E-13)  1.53E-07
  1.050E+01 3.51251E-22  0.000E+00 ( 1.814E-11,-4.445E-12) ( 1.465E-12,-3.591E-13)  1.66E-07
  1.075E+01 3.19782E-22  0.000E+00 ( 1.732E-11,-4.187E-12) ( 1.432E-12,-3.464E-13)  1.70E-07
  1.100E+01 2.91762E-22  0.000E+00 ( 1.656E-11,-3.949E-12) ( 1.401E-12,-3.344E-13)  1.64E-07
  1.125E+01 2.66747E-22  0.000E+00 ( 1.584E-11,-3.728E-12) ( 1.371E-12,-3.229E-13)  1.54E-07
  1.150E+01 2.44358E-22  0.000E+00 ( 1.517E-11,-3.524E-12) ( 1.342E-12,-3.121E-13)  1.39E-07
  1.175E+01 2.24271E-22  0.000E+00 ( 1.454E-11,-3.335E-12) ( 1.314E-12,-3.018E-13)  1.18E-07
  1.200E+01 2.06207E-22  0.000E+00 ( 1.395E-11,-3.159E-12) ( 1.288E-12,-2.920E-13)  1.00E-07
  1.225E+01 1.89926E-22  0.000E+00 ( 1.339E-11,-2.995E-12) ( 1.262E-12,-2.827E-13)  1.00E-07
  1.250E+01 1.75222E-22  0.000E+00 ( 1.287E-11,-2.842E-12) ( 1.238E-12,-2.738E-13)  1.00E-07
  1.275E+01 1.61915E-22  0.000E+00 ( 1.237E-11,-2.700E-12) ( 1.214E-12,-2.653E-13)  1.00E-07
  1.300E+01 1.49848E-22  0.000E+00 ( 1.191E-11,-2.567E-12) ( 1.192E-12,-2.572E-13)  1.00E-07
  1.325E+01 1.38885E-22  0.000E+00 ( 1.147E-11,-2.442E-12) ( 1.170E-12,-2.495E-13)  1.00E-07
  1.350E+01 1.28906E-22  0.000E+00 ( 1.105E-11,-2.325E-12) ( 1.149E-12,-2.421E-13)  1.00E-07
  1.375E+01 1.19809E-22  0.000E+00 ( 1.066E-11,-2.216E-12) ( 1.129E-12,-2.350E-13)  1.00E-07
  1.400E+01 1.11500E-22  0.000E+00 ( 1.028E-11,-2.113E-12) ( 1.109E-12,-2.282E-13)  1.00E-07
  1.425E+01 1.03900E-22  0.000E+00 ( 9.929E-12,-2.017E-12) ( 1.090E-12,-2.217E-13)  1.00E-07
  1.450E+01 9.69361E-23  0.000E+00 ( 9.593E-12,-1.926E-12) ( 1.072E-12,-2.155E-13)  1.00E-07
  1.475E+01 9.05465E-23  0.000E+00 ( 9.274E-12,-1.840E-12) ( 1.054E-12,-2.095E-13)  1.00E-07
  1.500E+01 8.46749E-23  0.000E+00 ( 8.970E-12,-1.760E-12) ( 1.037E-12,-2.038E-13)  1.00E-07
  1.525E+01 7.92717E-23  0.000E+00 ( 8.681E-12,-1.684E-12) ( 1.021E-12,-1.983E-13)  1.00E-07
  1.550E+01 7.42928E-23  0.000E+00 ( 8.405E-12,-1.612E-12) ( 1.005E-12,-1.930E-13)  1.00E-07
  1.575E+01 6.96988E-23  0.000E+00 ( 8.143E-12,-1.544E-12) ( 9.890E-13,-1.879E-13)  1.00E-07
  1.600E+01 6.54546E-23  0.000E+00 ( 7.892E-12,-1.480E-12) ( 9.739E-13,-1.830E-13)  1.00E-07
  1.625E+01 6.15285E-23  0.000E+00 ( 7.653E-12,-1.419E-12) ( 9.593E-13,-1.783E-13)  1.00E-07
  1.650E+01 5.78925E-23  0.000E+00 ( 7.424E-12,-1.362E-12) ( 9.451E-13,-1.737E-13)  1.00E-07
  1.675E+01 5.45211E-23  0.000E+00 ( 7.205E-12,-1.307E-12) ( 9.313E-13,-1.693E-13)  1.00E-07
  1.700E+01 5.13916E-23  0.000E+00 ( 6.996E-12,-1.256E-12) ( 9.179E-13,-1.651E-13)  1.00E-07
  1.725E+01 4.84835E-23  0.000E+00 ( 6.796E-12,-1.206E-12) ( 9.049E-13,-1.610E-13)  1.00E-07
  1.750E+01 4.57781E-23  0.000E+00 ( 6.604E-12,-1.160E-12) ( 8.922E-13,-1.570E-13)  1.00E-07
  1.775E+01 4.32588E-23  0.000E+00 ( 6.420E-12,-1.115E-12) ( 8.799E-13,-1.532E-13)  1.00E-07
  1.800E+01 4.09105E-23  0.000E+00 ( 6.244E-12,-1.073E-12) ( 8.679E-13,-1.496E-13)  1.00E-07
  1.825E+01 3.87193E-23  0.000E+00 ( 6.074E-12,-1.033E-12) ( 8.563E-13,-1.460E-13)  1.00E-07
  1.850E+01 3.66728E-23  0.000E+00 ( 5.912E-12,-9.948E-13) ( 8.449E-13,-1.425E-13)  1.00E-07
  1.875E+01 3.47597E-23  0.000E+00 ( 5.756E-12,-9.584E-13) ( 8.339E-13,-1.392E-13)  1.00E-07
  1.900E+01 3.29696E-23  0.000E+00 ( 5.605E-12,-9.236E-13) ( 8.231E-13,-1.360E-13)  1.00E-07
  1.925E+01 3.12933E-23  0.000E+00 ( 5.461E-12,-8.904E-13) ( 8.126E-13,-1.329E-13)  1.00E-07
  1.950E+01 2.97222E-23  0.000E+00 ( 5.322E-12,-8.588E-13) ( 8.023E-13,-1.298E-13)  1.00E-07
  1.975E+01 2.82483E-23  0.000E+00 ( 5.188E-12,-8.285E-13) ( 7.923E-13,-1.269E-13)  1.00E-07
  2.000E+01 2.68646E-23  0.000E+00 ( 5.059E-12,-7.996E-13) ( 7.826E-13,-1.241E-13)  1.00E-07
  2.025E+01 2.55646E-23  0.000E+00 ( 4.935E-12,-7.720E-13) ( 7.730E-13,-1.213E-13)  1.00E-07
  2.050E+01 2.43422E-23 -1.549E-04 ( 4.815E-12,-7.456E-13) ( 7.637E-13,-1.186E-13)  1.00E-07
  2.075E+01 2.31919E-23 -1.598E-04 ( 4.700E-12,-7.203E-13) ( 7.547E-13,-1.160E-13)  1.00E-07
  2.100E+01 2.21087E-23 -1.649E-04 ( 4.589E-12,-6.961E-13) ( 7.458E-13,-1.135E-13)  1.00E-07
  2.125E+01 2.10880E-23 -1.701E-04 ( 4.481E-12,-6.728E-13) ( 7.371E-13,-1.111E-13)  1.00E-07
  2.150E+01 2.01254E-23 -1.754E-04 ( 4.377E-12,-6.506E-13) ( 7.287E-13,-1.087E-13)  1.00E-07
  2.175E+01 1.92171E-23 -1.807E-04 ( 4.277E-12,-6.293E-13) ( 7.204E-13,-1.064E-13)  1.00E-07
  2.200E+01 1.83594E-23 -1.862E-04 ( 4.180E-12,-6.088E-13) ( 7.123E-13,-1.042E-13)  1.00E-07
  2.225E+01 1.75489E-23 -1.917E-04 ( 4.086E-12,-5.892E-13) ( 7.043E-13,-1.020E-13)  1.00E-07
  2.250E+01 1.67827E-23 -1.974E-04 ( 3.995E-12,-5.704E-13) ( 6.966E-13,-9.986E-14)  1.00E-07
  2.275E+01 1.60577E-23 -2.031E-04 ( 3.907E-12,-5.523E-13) ( 6.890E-13,-9.780E-14)  1.00E-07
  2.300E+01 1.53714E-23 -2.089E-04 ( 3.823E-12,-5.349E-13) ( 6.816E-13,-9.579E-14)  1.00E-07
  2.325E+01 1.47213E-23 -2.148E-04 ( 3.740E-12,-5.182E-13) ( 6.743E-13,-9.384E-14)  1.00E-07
  2.350E+01 1.41052E-23 -2.208E-04 ( 3.661E-12,-5.021E-13) ( 6.671E-13,-9.194E-14)  1.00E-07
  2.375E+01 1.35209E-23 -2.269E-04 ( 3.583E-12,-4.867E-13) ( 6.602E-13,-9.009E-14)  1.00E-07
  2.400E+01 1.29665E-23 -2.331E-04 ( 3.508E-12,-4.718E-13) ( 6.533E-13,-8.828E-14)  1.00E-07
  2.425E+01 1.24402E-23 -2.394E-04 ( 3.436E-12,-4.575E-13) ( 6.466E-13,-8.653E-14)  1.00E-07
  2.450E+01 1.19403E-23 -2.458E-04 ( 3.365E-12,-4.437E-13) ( 6.400E-13,-8.482E-14)  1.00E-07
  2.475E+01 1.14651E-23 -2.522E-04 ( 3.297E-12,-4.304E-13) ( 6.336E-13,-8.315E-14)  1.00E-07
  2.500E+01 1.10134E-23 -2.588E-04 ( 3.231E-12,-4.176E-13) ( 6.273E-13,-8.152E-14)  1.00E-07
  2.550E+01 1.01745E-23 -2.722E-04 ( 3.104E-12,-3.934E-13) ( 6.150E-13,-7.839E-14)  1.00E-07
  2.600E+01 9.41380E-24 -2.860E-04 ( 2.984E-12,-3.709E-13) ( 6.031E-13,-7.541E-14)  1.00E-07
  2.650E+01 8.72272E-24 -3.002E-04 ( 2.871E-12,-3.499E-13) ( 5.917E-13,-7.257E-14)  1.00E-07
  2.700E+01 8.09374E-24 -3.148E-04 ( 2.765E-12,-3.304E-13) ( 5.807E-13,-6.986E-14)  1.00E-07
  2.750E+01 7.52029E-24 -3.297E-04 ( 2.663E-12,-3.122E-13) ( 5.701E-13,-6.728E-14)  1.00E-07
  2.800E+01 6.99658E-24 -3.451E-04 ( 2.567E-12,-2.951E-13) ( 5.599E-13,-6.482E-14)  1.00E-07
  2.850E+01 6.51753E-24 -3.608E-04 ( 2.477E-12,-2.792E-13) ( 5.500E-13,-6.247E-14)  1.00E-07
  2.900E+01 6.07864E-24 -3.769E-04 ( 2.390E-12,-2.642E-13) ( 5.404E-13,-6.022E-14)  1.00E-07
  2.950E+01 5.67595E-24 -3.934E-04 ( 2.308E-12,-2.503E-13) ( 5.311E-13,-5.807E-14)  1.00E-07
  3.000E+01 5.30593E-24 -4.102E-04 ( 2.230E-12,-2.371E-13) ( 5.221E-13,-5.601E-14)  1.00E-07
  3.050E+01 4.96545E-24 -4.275E-04 ( 2.156E-12,-2.248E-13) ( 5.134E-13,-5.403E-14)  1.00E-07
  3.100E+01 4.65173E-24 -4.452E-04 ( 2.085E-12,-2.133E-13) ( 5.050E-13,-5.214E-14)  1.00E-07
  3.150E+01 4.36228E-24 -4.632E-04 ( 2.018E-12,-2.024E-13) ( 4.969E-13,-5.033E-14)  1.00E-07
  3.200E+01 4.09489E-24 -4.817E-04 ( 1.954E-12,-1.921E-13) ( 4.889E-13,-4.859E-14)  1.00E-07
  3.250E+01 3.84758E-24 -5.005E-04 ( 1.892E-12,-1.825E-13) ( 4.812E-13,-4.692E-14)  1.00E-07
  3.300E+01 3.61855E-24 -5.198E-04 ( 1.834E-12,-1.734E-13) ( 4.738E-13,-4.532E-14)  1.00E-07
  3.350E+01 3.40622E-24 -5.394E-04 ( 1.777E-12,-1.648E-13) ( 4.665E-13,-4.378E-14)  1.00E-07
  3.400E+01 3.20915E-24 -5.595E-04 ( 1.724E-12,-1.568E-13) ( 4.595E-13,-4.230E-14)  1.00E-07
  3.450E+01 3.02603E-24 -5.799E-04 ( 1.673E-12,-1.491E-13) ( 4.526E-13,-4.088E-14)  1.00E-07
  3.500E+01 2.85571E-24 -6.007E-04 ( 1.623E-12,-1.419E-13) ( 4.459E-13,-3.951E-14)  1.00E-07
  3.550E+01 2.69712E-24 -6.220E-04 ( 1.576E-12,-1.351E-13) ( 4.394E-13,-3.819E-14)  1.00E-07
  3.600E+01 2.54931E-24 -6.436E-04 ( 1.531E-12,-1.286E-13) ( 4.331E-13,-3.692E-14)  1.00E-07
  3.650E+01 2.41142E-24 -6.657E-04 ( 1.488E-12,-1.225E-13) ( 4.270E-13,-3.570E-14)  1.00E-07
  3.700E+01 2.28265E-24 -6.881E-04 ( 1.446E-12,-1.167E-13) ( 4.209E-13,-3.452E-14)  1.00E-07
  3.750E+01 2.16229E-24 -7.109E-04 ( 1.406E-12,-1.112E-13) ( 4.151E-13,-3.338E-14)  1.00E-07
  3.800E+01 2.04970E-24 -7.342E-04 ( 1.367E-12,-1.060E-13) ( 4.094E-13,-3.228E-14)  1.00E-07
  3.850E+01 1.94427E-24 -7.578E-04 ( 1.330E-12,-1.010E-13) ( 4.038E-13,-3.123E-14)  1.00E-07
  3.900E+01 1.84548E-24 -7.819E-04 ( 1.295E-12,-9.636E-14) ( 3.984E-13,-3.020E-14)  1.00E-07
  3.950E+01 1.75282E-24 -8.064E-04 ( 1.261E-12,-9.190E-14) ( 3.931E-13,-2.922E-14)  1.00E-07
  4.000E+01 1.66585E-24 -8.312E-04 ( 1.228E-12,-8.766E-14) ( 3.879E-13,-2.827E-14)  1.00E-07
  4.050E+01 1.58415E-24 -8.565E-04 ( 1.196E-12,-8.364E-14) ( 3.829E-13,-2.735E-14)  1.00E-07
  4.100E+01 1.50735E-24 -8.822E-04 ( 1.165E-12,-7.981E-14) ( 3.779E-13,-2.646E-14)  1.00E-07
  4.150E+01 1.43510E-24 -9.083E-04 ( 1.136E-12,-7.616E-14) ( 3.731E-13,-2.560E-14)  1.00E-07
  4.200E+01 1.36707E-24 -9.348E-04 ( 1.107E-12,-7.269E-14) ( 3.684E-13,-2.477E-14)  1.00E-07
  4.250E+01 1.30298E-24 -9.617E-04 ( 1.079E-12,-6.939E-14) ( 3.637E-13,-2.396E-14)  1.00E-07
  4.300E+01 1.24256E-24 -9.891E-04 ( 1.053E-12,-6.624E-14) ( 3.592E-13,-2.318E-14)  1.00E-07
  4.350E+01 1.18555E-24 -1.017E-03 ( 1.027E-12,-6.324E-14) ( 3.548E-13,-2.243E-14)  1.00E-07
  4.400E+01 1.13174E-24 -1.045E-03 ( 1.002E-12,-6.038E-14) ( 3.505E-13,-2.170E-14)  1.00E-07
  4.450E+01 1.08090E-24 -1.074E-03 ( 9.784E-13,-5.765E-14) ( 3.462E-13,-2.100E-14)  1.00E-07
  4.500E+01 1.03285E-24 -1.103E-03 ( 9.552E-13,-5.505E-14) ( 3.421E-13,-2.031E-14)  1.00E-07
  4.550E+01 9.87396E-25 -1.132E-03 ( 9.327E-13,-5.257E-14) ( 3.380E-13,-1.965E-14)  1.00E-07
  4.600E+01 9.44381E-25 -1.162E-03 ( 9.110E-13,-5.019E-14) ( 3.340E-13,-1.901E-14)  1.00E-07
  4.650E+01 9.03648E-25 -1.192E-03 ( 8.900E-13,-4.793E-14) ( 3.301E-13,-1.838E-14)  1.00E-07
  4.700E+01 8.65053E-25 -1.223E-03 ( 8.696E-13,-4.577E-14) ( 3.263E-13,-1.778E-14)  1.00E-07
  4.750E+01 8.28464E-25 -1.254E-03 ( 8.498E-13,-4.370E-14) ( 3.225E-13,-1.720E-14)  1.00E-07
  4.800E+01 7.93757E-25 -1.285E-03 ( 8.307E-13,-4.172E-14) ( 3.189E-13,-1.663E-14)  1.00E-07
  4.850E+01 7.60817E-25 -1.317E-03 ( 8.122E-13,-3.983E-14) ( 3.152E-13,-1.608E-14)  1.00E-07
  4.900E+01 7.29538E-25 -1.349E-03 ( 7.942E-13,-3.802E-14) ( 3.117E-13,-1.554E-14)  1.00E-07
  4.950E+01 6.99822E-25 -1.382E-03 ( 7.767E-13,-3.630E-14) ( 3.082E-13,-1.503E-14)  1.00E-07
  5.000E+01 6.71574E-25 -1.415E-03 ( 7.598E-13,-3.464E-14) ( 3.048E-13,-1.452E-14)  1.00E-07
  5.050E+01 6.44711E-25 -1.449E-03 ( 7.433E-13,-3.306E-14) ( 3.015E-13,-1.403E-14)  1.00E-07
  5.100E+01 6.19151E-25 -1.483E-03 ( 7.274E-13,-3.154E-14) ( 2.982E-13,-1.356E-14)  1.00E-07
  5.150E+01 5.94819E-25 -1.518E-03 ( 7.119E-13,-3.009E-14) ( 2.949E-13,-1.310E-14)  1.00E-07
  5.200E+01 5.71646E-25 -1.552E-03 ( 6.968E-13,-2.870E-14) ( 2.917E-13,-1.265E-14)  1.00E-07
  5.250E+01 5.49567E-25 -1.588E-03 ( 6.822E-13,-2.737E-14) ( 2.886E-13,-1.222E-14)  1.00E-07
  5.300E+01 5.28520E-25 -1.624E-03 ( 6.680E-13,-2.609E-14) ( 2.856E-13,-1.180E-14)  1.00E-07
  5.350E+01 5.08448E-25 -1.660E-03 ( 6.541E-13,-2.487E-14) ( 2.825E-13,-1.139E-14)  1.00E-07
  5.400E+01 4.89298E-25 -1.696E-03 ( 6.407E-13,-2.369E-14) ( 2.796E-13,-1.099E-14)  1.00E-07
  5.450E+01 4.71019E-25 -1.733E-03 ( 6.276E-13,-2.257E-14) ( 2.767E-13,-1.060E-14)  1.00E-07
  5.500E+01 4.53566E-25 -1.771E-03 ( 6.149E-13,-2.149E-14) ( 2.738E-13,-1.022E-14)  1.00E-07
  5.550E+01 4.36893E-25 -1.809E-03 ( 6.025E-13,-2.046E-14) ( 2.710E-13,-9.857E-15)  1.00E-07
  5.600E+01 4.20959E-25 -1.847E-03 ( 5.904E-13,-1.947E-14) ( 2.682E-13,-9.501E-15)  1.00E-07
  5.650E+01 4.05727E-25 -1.886E-03 ( 5.787E-13,-1.852E-14) ( 2.654E-13,-9.155E-15)  1.00E-07
  5.700E+01 3.91158E-25 -1.925E-03 ( 5.672E-13,-1.760E-14) ( 2.628E-13,-8.818E-15)  1.00E-07
  5.750E+01 3.77220E-25 -1.965E-03 ( 5.561E-13,-1.673E-14) ( 2.601E-13,-8.490E-15)  1.00E-07
  5.800E+01 3.63879E-25 -2.005E-03 ( 5.452E-13,-1.589E-14) ( 2.575E-13,-8.172E-15)  1.00E-07
  5.850E+01 3.51106E-25 -2.046E-03 ( 5.346E-13,-1.508E-14) ( 2.549E-13,-7.862E-15)  1.00E-07
  5.900E+01 3.38872E-25 -2.087E-03 ( 5.243E-13,-1.430E-14) ( 2.524E-13,-7.560E-15)  1.00E-07
  5.950E+01 3.27149E-25 -2.128E-03 ( 5.143E-13,-1.356E-14) ( 2.499E-13,-7.266E-15)  1.00E-07
  6.000E+01 3.15914E-25 -2.170E-03 ( 5.044E-13,-1.285E-14) ( 2.475E-13,-6.981E-15)  1.00E-07
  6.050E+01 3.05141E-25 -2.213E-03 ( 4.949E-13,-1.216E-14) ( 2.450E-13,-6.703E-15)  1.00E-07
  6.100E+01 2.94809E-25 -2.255E-03 ( 4.855E-13,-1.150E-14) ( 2.426E-13,-6.432E-15)  1.00E-07
  6.150E+01 2.84896E-25 -2.299E-03 ( 4.764E-13,-1.087E-14) ( 2.403E-13,-6.169E-15)  1.00E-07
  6.200E+01 2.75381E-25 -2.343E-03 ( 4.676E-13,-1.026E-14) ( 2.380E-13,-5.912E-15)  1.00E-07
  6.250E+01 2.66247E-25 -2.387E-03 ( 4.589E-13,-9.677E-15) ( 2.357E-13,-5.663E-15)  1.00E-07
  6.300E+01 2.57475E-25 -2.431E-03 ( 4.504E-13,-9.116E-15) ( 2.334E-13,-5.420E-15)  1.00E-07
  6.350E+01 2.49047E-25 -2.477E-03 ( 4.421E-13,-8.577E-15) ( 2.312E-13,-5.183E-15)  1.00E-07
  6.400E+01 2.40949E-25 -2.522E-03 ( 4.341E-13,-8.060E-15) ( 2.290E-13,-4.953E-15)  1.00E-07
  6.450E+01 2.33165E-25 -2.568E-03 ( 4.262E-13,-7.562E-15) ( 2.269E-13,-4.728E-15)  1.00E-07
  6.500E+01 2.25681E-25 -2.615E-03 ( 4.185E-13,-7.084E-15) ( 2.247E-13,-4.510E-15)  1.00E-07
  6.550E+01 2.18482E-25 -2.662E-03 ( 4.109E-13,-6.625E-15) ( 2.226E-13,-4.297E-15)  1.00E-07
  6.600E+01 2.11556E-25 -2.710E-03 ( 4.036E-13,-6.184E-15) ( 2.206E-13,-4.090E-15)  1.00E-07
  6.650E+01 2.04892E-25 -2.758E-03 ( 3.964E-13,-5.760E-15) ( 2.185E-13,-3.888E-15)  1.00E-07
  6.700E+01 1.98476E-25 -2.806E-03 ( 3.893E-13,-5.353E-15) ( 2.165E-13,-3.692E-15)  1.00E-07
  6.750E+01 1.92299E-25 -2.855E-03 ( 3.824E-13,-4.961E-15) ( 2.145E-13,-3.500E-15)  1.00E-07
  6.800E+01 1.86349E-25 -2.904E-03 ( 3.757E-13,-4.585E-15) ( 2.125E-13,-3.314E-15)  1.00E-07
  6.850E+01 1.80618E-25 -2.954E-03 ( 3.691E-13,-4.224E-15) ( 2.106E-13,-3.132E-15)  1.00E-07
  6.900E+01 1.75094E-25 -3.005E-03 ( 3.627E-13,-3.876E-15) ( 2.086E-13,-2.955E-15)  1.00E-07
  6.950E+01 1.69771E-25 -3.056E-03 ( 3.564E-13,-3.543E-15) ( 2.067E-13,-2.783E-15)  1.00E-07
  7.000E+01 1.64638E-25 -3.107E-03 ( 3.502E-13,-3.222E-15) ( 2.049E-13,-2.615E-15)  1.00E-07
  7.050E+01 1.59689E-25 -3.159E-03 ( 3.442E-13,-2.914E-15) ( 2.030E-13,-2.452E-15)  1.00E-07
  7.100E+01 1.54914E-25 -3.212E-03 ( 3.383E-13,-2.618E-15) ( 2.012E-13,-2.293E-15)  1.00E-07
  7.150E+01 1.50308E-25 -3.265E-03 ( 3.325E-13,-2.334E-15) ( 1.994E-13,-2.137E-15)  1.00E-07
  7.200E+01 1.45863E-25 -3.318E-03 ( 3.268E-13,-2.061E-15) ( 1.976E-13,-1.986E-15)  1.00E-07
  7.250E+01 1.41572E-25 -3.372E-03 ( 3.213E-13,-1.799E-15) ( 1.958E-13,-1.839E-15)  1.00E-07
  7.300E+01 1.37429E-25 -3.427E-03 ( 3.159E-13,-1.547E-15) ( 1.941E-13,-1.696E-15)  1.00E-07
  7.350E+01 1.33428E-25 -3.482E-03 ( 3.105E-13,-1.305E-15) ( 1.923E-13,-1.556E-15)  1.00E-07
  7.400E+01 1.29563E-25 -3.537E-03 ( 3.053E-13,-1.073E-15) ( 1.906E-13,-1.421E-15)  1.00E-07
  7.450E+01 1.25829E-25 -3.593E-03 ( 3.002E-13,-8.504E-16) ( 1.889E-13,-1.288E-15)  1.00E-07
  7.500E+01 1.22221E-25 -3.650E-03 ( 2.952E-13,-6.365E-16) ( 1.873E-13,-1.159E-15)  1.00E-07
  7.550E+01 1.18734E-25 -3.707E-03 ( 2.903E-13,-4.311E-16) ( 1.856E-13,-1.034E-15)  1.00E-07
  7.600E+01 1.15362E-25 -3.765E-03 ( 2.855E-13,-2.341E-16) ( 1.840E-13,-9.115E-16)  1.00E-07
  7.650E+01 1.12102E-25 -3.823E-03 ( 2.808E-13,-4.514E-17) ( 1.824E-13,-7.924E-16)  1.00E-07
  7.700E+01 1.08949E-25 -3.882E-03 ( 2.762E-13, 1.362E-16) ( 1.808E-13,-6.766E-16)  1.00E-07
  7.750E+01 1.05899E-25 -3.941E-03 ( 2.717E-13, 3.100E-16) ( 1.792E-13,-5.637E-16)  1.00E-07
  7.800E+01 1.02948E-25 -4.001E-03 ( 2.672E-13, 4.767E-16) ( 1.776E-13,-4.539E-16)  1.00E-07
  7.850E+01 1.00092E-25 -4.062E-03 ( 2.629E-13, 6.366E-16) ( 1.761E-13,-3.469E-16)  1.00E-07
  7.900E+01 9.73274E-26 -4.123E-03 ( 2.586E-13, 7.897E-16) ( 1.745E-13,-2.428E-16)  1.00E-07
  7.950E+01 9.46511E-26 -4.184E-03 ( 2.544E-13, 9.364E-16) ( 1.730E-13,-1.415E-16)  1.00E-07
  8.000E+01 9.20597E-26 -4.246E-03 ( 2.503E-13, 1.077E-15) ( 1.715E-13,-4.293E-17)  1.00E-07
  8.050E+01 8.95499E-26 -4.309E-03 ( 2.463E-13, 1.212E-15) ( 1.700E-13, 5.301E-17)  1.00E-07
  8.100E+01 8.71188E-26 -4.372E-03 ( 2.423E-13, 1.340E-15) ( 1.685E-13, 1.464E-16)  1.00E-07
  8.150E+01 8.47635E-26 -4.436E-03 ( 2.384E-13, 1.464E-15) ( 1.671E-13, 2.372E-16)  1.00E-07
  8.200E+01 8.24812E-26 -4.501E-03 ( 2.346E-13, 1.582E-15) ( 1.656E-13, 3.255E-16)  1.00E-07
  8.250E+01 8.02692E-26 -4.566E-03 ( 2.309E-13, 1.694E-15) ( 1.642E-13, 4.115E-16)  1.00E-07
  8.300E+01 7.81251E-26 -4.632E-03 ( 2.272E-13, 1.802E-15) ( 1.628E-13, 4.951E-16)  1.00E-07
  8.350E+01 7.60463E-26 -4.698E-03 ( 2.236E-13, 1.905E-15) ( 1.614E-13, 5.763E-16)  1.00E-07
  8.400E+01 7.40305E-26 -4.765E-03 ( 2.201E-13, 2.004E-15) ( 1.600E-13, 6.553E-16)  1.00E-07
  8.450E+01 7.20756E-26 -4.833E-03 ( 2.166E-13, 2.097E-15) ( 1.586E-13, 7.321E-16)  1.00E-07
  8.500E+01 7.01792E-26 -4.901E-03 ( 2.132E-13, 2.187E-15) ( 1.573E-13, 8.068E-16)  1.00E-07
  8.550E+01 6.83395E-26 -4.970E-03 ( 2.098E-13, 2.272E-15) ( 1.559E-13, 8.793E-16)  1.00E-07
  8.600E+01 6.65544E-26 -5.039E-03 ( 2.065E-13, 2.354E-15) ( 1.546E-13, 9.498E-16)  1.00E-07
  8.650E+01 6.48220E-26 -5.110E-03 ( 2.033E-13, 2.431E-15) ( 1.533E-13, 1.018E-15)  1.00E-07
  8.700E+01 6.31405E-26 -5.180E-03 ( 2.001E-13, 2.505E-15) ( 1.519E-13, 1.085E-15)  1.00E-07
  8.750E+01 6.15081E-26 -5.252E-03 ( 1.970E-13, 2.575E-15) ( 1.506E-13, 1.149E-15)  1.00E-07
  8.800E+01 5.99232E-26 -5.324E-03 ( 1.939E-13, 2.642E-15) ( 1.493E-13, 1.212E-15)  1.00E-07
  8.850E+01 5.83841E-26 -5.397E-03 ( 1.909E-13, 2.705E-15) ( 1.481E-13, 1.273E-15)  1.00E-07
  8.900E+01 5.68894E-26 -5.470E-03 ( 1.880E-13, 2.765E-15) ( 1.468E-13, 1.332E-15)  1.00E-07
  8.950E+01 5.54375E-26 -5.544E-03 ( 1.851E-13, 2.822E-15) ( 1.455E-13, 1.389E-15)  1.00E-07
  9.000E+01 5.40269E-26 -5.619E-03 ( 1.822E-13, 2.876E-15) ( 1.443E-13, 1.445E-15)  1.00E-07
  9.050E+01 5.26564E-26 -5.695E-03 ( 1.794E-13, 2.927E-15) ( 1.431E-13, 1.498E-15)  1.00E-07
  9.100E+01 5.13245E-26 -5.771E-03 ( 1.766E-13, 2.975E-15) ( 1.418E-13, 1.550E-15)  1.00E-07
  9.150E+01 5.00301E-26 -5.848E-03 ( 1.739E-13, 3.021E-15) ( 1.406E-13, 1.601E-15)  1.00E-07
  9.200E+01 4.87718E-26 -5.926E-03 ( 1.712E-13, 3.063E-15) ( 1.394E-13, 1.650E-15)  1.00E-07
  9.250E+01 4.75485E-26 -6.005E-03 ( 1.686E-13, 3.104E-15) ( 1.382E-13, 1.697E-15)  1.00E-07
  9.300E+01 4.63592E-26 -6.084E-03 ( 1.660E-13, 3.142E-15) ( 1.370E-13, 1.743E-15)  1.00E-07
  9.350E+01 4.52026E-26 -6.164E-03 ( 1.635E-13, 3.177E-15) ( 1.358E-13, 1.788E-15)  1.00E-07
  9.400E+01 4.40777E-26 -6.245E-03 ( 1.610E-13, 3.210E-15) ( 1.347E-13, 1.830E-15)  1.00E-07
  9.450E+01 4.29835E-26 -6.326E-03 ( 1.586E-13, 3.241E-15) ( 1.335E-13, 1.872E-15)  1.00E-07
  9.500E+01 4.19191E-26 -6.408E-03 ( 1.562E-13, 3.270E-15) ( 1.324E-13, 1.912E-15)  1.00E-07
  9.550E+01 4.08835E-26 -6.492E-03 ( 1.538E-13, 3.297E-15) ( 1.312E-13, 1.951E-15)  1.00E-07
  9.600E+01 3.98758E-26 -6.576E-03 ( 1.514E-13, 3.322E-15) ( 1.301E-13, 1.988E-15)  1.00E-07
  9.650E+01 3.88951E-26 -6.660E-03 ( 1.492E-13, 3.345E-15) ( 1.290E-13, 2.024E-15)  1.00E-07
  9.700E+01 3.79406E-26 -6.746E-03 ( 1.469E-13, 3.366E-15) ( 1.279E-13, 2.059E-15)  1.00E-07
  9.750E+01 3.70115E-26 -6.832E-03 ( 1.447E-13, 3.386E-15) ( 1.267E-13, 2.092E-15)  1.00E-07
  9.800E+01 3.61070E-26 -6.919E-03 ( 1.425E-13, 3.403E-15) ( 1.257E-13, 2.124E-15)  1.00E-07
  9.850E+01 3.52263E-26 -7.008E-03 ( 1.403E-13, 3.419E-15) ( 1.246E-13, 2.155E-15)  1.00E-07
  9.900E+01 3.43687E-26 -7.097E-03 ( 1.382E-13, 3.434E-15) ( 1.235E-13, 2.185E-15)  1.00E-07
  9.950E+01 3.35335E-26 -7.186E-03 ( 1.361E-13, 3.447E-15) ( 1.224E-13, 2.214E-15)  1.00E-07
  1.000E+02 3.27201E-26 -7.277E-03 ( 1.341E-13, 3.458E-15) ( 1.213E-13, 2.241E-15)  1.00E-07
  1.005E+02 3.19277E-26 -7.369E-03 ( 1.321E-13, 3.468E-15) ( 1.203E-13, 2.268E-15)  1.00E-07
  1.010E+02 3.11558E-26 -7.461E-03 ( 1.301E-13, 3.477E-15) ( 1.192E-13, 2.293E-15)  1.00E-07
  1.015E+02 3.04037E-26 -7.555E-03 ( 1.281E-13, 3.484E-15) ( 1.182E-13, 2.317E-15)  1.00E-07
  1.020E+02 2.96709E-26 -7.649E-03 ( 1.262E-13, 3.490E-15) ( 1.171E-13, 2.340E-15)  1.00E-07
  1.025E+02 2.89567E-26 -7.745E-03 ( 1.243E-13, 3.495E-15) ( 1.161E-13, 2.362E-15)  1.00E-07
  1.030E+02 2.82607E-26 -7.841E-03 ( 1.225E-13, 3.499E-15) ( 1.151E-13, 2.383E-15)  1.00E-07
  1.035E+02 2.75823E-26 -7.938E-03 ( 1.206E-13, 3.501E-15) ( 1.141E-13, 2.403E-15)  1.00E-07
  1.040E+02 2.69210E-26 -8.037E-03 ( 1.188E-13, 3.503E-15) ( 1.131E-13, 2.422E-15)  1.00E-07
  1.045E+02 2.62762E-26 -8.136E-03 ( 1.171E-13, 3.503E-15) ( 1.121E-13, 2.440E-15)  1.00E-07
  1.050E+02 2.56476E-26 -8.236E-03 ( 1.153E-13, 3.503E-15) ( 1.111E-13, 2.458E-15)  1.00E-07
  1.055E+02 2.50347E-26 -8.338E-03 ( 1.136E-13, 3.501E-15) ( 1.101E-13, 2.474E-15)  1.00E-07
  1.060E+02 2.44369E-26 -8.440E-03 ( 1.119E-13, 3.499E-15) ( 1.091E-13, 2.489E-15)  1.00E-07
  1.065E+02 2.38540E-26 -8.544E-03 ( 1.102E-13, 3.495E-15) ( 1.081E-13, 2.504E-15)  1.00E-07
  1.070E+02 2.32854E-26 -8.648E-03 ( 1.086E-13, 3.491E-15) ( 1.071E-13, 2.517E-15)  1.00E-07
  1.075E+02 2.27307E-26 -8.754E-03 ( 1.070E-13, 3.486E-15) ( 1.062E-13, 2.530E-15)  1.00E-07
  1.080E+02 2.21896E-26 -8.861E-03 ( 1.054E-13, 3.480E-15) ( 1.052E-13, 2.542E-15)  1.00E-07
  1.085E+02 2.16617E-26 -8.969E-03 ( 1.038E-13, 3.473E-15) ( 1.043E-13, 2.553E-15)  1.00E-07
  1.090E+02 2.11466E-26 -9.078E-03 ( 1.023E-13, 3.466E-15) ( 1.033E-13, 2.563E-15)  1.00E-07
  1.095E+02 2.06440E-26 -9.188E-03 ( 1.007E-13, 3.458E-15) ( 1.024E-13, 2.572E-15)  1.00E-07
  1.100E+02 2.01534E-26 -9.300E-03 ( 9.924E-14, 3.449E-15) ( 1.014E-13, 2.581E-15)  1.00E-07
  1.105E+02 1.96747E-26 -9.413E-03 ( 9.776E-14, 3.440E-15) ( 1.005E-13, 2.589E-15)  1.00E-07
  1.110E+02 1.92074E-26 -9.527E-03 ( 9.631E-14, 3.430E-15) ( 9.957E-14, 2.596E-15)  1.00E-07
  1.115E+02 1.87513E-26 -9.642E-03 ( 9.488E-14, 3.419E-15) ( 9.865E-14, 2.602E-15)  1.00E-07
  1.120E+02 1.83061E-26 -9.758E-03 ( 9.347E-14, 3.408E-15) ( 9.773E-14, 2.608E-15)  1.00E-07
  1.125E+02 1.78714E-26 -9.876E-03 ( 9.208E-14, 3.396E-15) ( 9.682E-14, 2.613E-15)  1.00E-07
  1.130E+02 1.74469E-26 -9.995E-03 ( 9.071E-14, 3.384E-15) ( 9.592E-14, 2.617E-15)  1.00E-07
  1.135E+02 1.70325E-26 -1.012E-02 ( 8.936E-14, 3.371E-15) ( 9.502E-14, 2.621E-15)  1.00E-07
  1.140E+02 1.66278E-26 -1.024E-02 ( 8.804E-14, 3.358E-15) ( 9.412E-14, 2.624E-15)  1.00E-07
  1.145E+02 1.62326E-26 -1.036E-02 ( 8.673E-14, 3.345E-15) ( 9.323E-14, 2.626E-15)  1.00E-07
  1.150E+02 1.58466E-26 -1.049E-02 ( 8.544E-14, 3.331E-15) ( 9.235E-14, 2.627E-15)  1.00E-07
  1.155E+02 1.54696E-26 -1.061E-02 ( 8.418E-14, 3.316E-15) ( 9.147E-14, 2.628E-15)  1.00E-07
  1.160E+02 1.51014E-26 -1.074E-02 ( 8.293E-14, 3.301E-15) ( 9.059E-14, 2.629E-15)  1.00E-07
  1.165E+02 1.47417E-26 -1.087E-02 ( 8.170E-14, 3.286E-15) ( 8.972E-14, 2.628E-15)  1.00E-07
  1.170E+02 1.43903E-26 -1.100E-02 ( 8.048E-14, 3.270E-15) ( 8.885E-14, 2.627E-15)  1.00E-07
  1.175E+02 1.40469E-26 -1.113E-02 ( 7.929E-14, 3.255E-15) ( 8.799E-14, 2.626E-15)  1.00E-07
  1.180E+02 1.37115E-26 -1.126E-02 ( 7.811E-14, 3.238E-15) ( 8.713E-14, 2.624E-15)  1.00E-07
  1.185E+02 1.33837E-26 -1.140E-02 ( 7.696E-14, 3.222E-15) ( 8.628E-14, 2.621E-15)  1.00E-07
  1.190E+02 1.30635E-26 -1.154E-02 ( 7.581E-14, 3.205E-15) ( 8.543E-14, 2.618E-15)  1.00E-07
  1.195E+02 1.27505E-26 -1.168E-02 ( 7.469E-14, 3.188E-15) ( 8.459E-14, 2.614E-15)  1.00E-07
  1.200E+02 1.24446E-26 -1.182E-02 ( 7.358E-14, 3.171E-15) ( 8.375E-14, 2.610E-15)  1.00E-07
  1.205E+02 1.21457E-26 -1.196E-02 ( 7.249E-14, 3.153E-15) ( 8.291E-14, 2.605E-15)  1.00E-07
  1.210E+02 1.18535E-26 -1.210E-02 ( 7.142E-14, 3.136E-15) ( 8.208E-14, 2.599E-15)  1.00E-07
  1.215E+02 1.15679E-26 -1.225E-02 ( 7.036E-14, 3.118E-15) ( 8.125E-14, 2.594E-15)  1.00E-07
  1.220E+02 1.12888E-26 -1.239E-02 ( 6.932E-14, 3.100E-15) ( 8.042E-14, 2.587E-15)  1.00E-07
  1.225E+02 1.10159E-26 -1.254E-02 ( 6.829E-14, 3.081E-15) ( 7.960E-14, 2.580E-15)  1.00E-07
  1.230E+02 1.07491E-26 -1.269E-02 ( 6.728E-14, 3.063E-15) ( 7.878E-14, 2.573E-15)  1.00E-07
  1.235E+02 1.04883E-26 -1.285E-02 ( 6.628E-14, 3.044E-15) ( 7.797E-14, 2.565E-15)  1.00E-07
  1.240E+02 1.02333E-26 -1.300E-02 ( 6.530E-14, 3.026E-15) ( 7.716E-14, 2.557E-15)  1.00E-07
  1.245E+02 9.98404E-27 -1.316E-02 ( 6.433E-14, 3.007E-15) ( 7.636E-14, 2.548E-15)  1.00E-07
  1.250E+02 9.74029E-27 -1.332E-02 ( 6.338E-14, 2.988E-15) ( 7.555E-14, 2.539E-15)  1.00E-07
  1.255E+02 9.50195E-27 -1.348E-02 ( 6.244E-14, 2.969E-15) ( 7.475E-14, 2.529E-15)  1.00E-07
  1.260E+02 9.26889E-27 -1.364E-02 ( 6.151E-14, 2.950E-15) ( 7.396E-14, 2.519E-15)  1.00E-07
  1.265E+02 9.04099E-27 -1.381E-02 ( 6.060E-14, 2.931E-15) ( 7.317E-14, 2.508E-15)  1.00E-07
  1.270E+02 8.81812E-27 -1.398E-02 ( 5.971E-14, 2.911E-15) ( 7.238E-14, 2.497E-15)  1.00E-07
  1.275E+02 8.60017E-27 -1.415E-02 ( 5.882E-14, 2.892E-15) ( 7.159E-14, 2.486E-15)  1.00E-07
  1.280E+02 8.38703E-27 -1.432E-02 ( 5.795E-14, 2.873E-15) ( 7.081E-14, 2.474E-15)  1.00E-07
  1.285E+02 8.17857E-27 -1.449E-02 ( 5.710E-14, 2.853E-15) ( 7.003E-14, 2.462E-15)  1.00E-07
  1.290E+02 7.97469E-27 -1.467E-02 ( 5.625E-14, 2.834E-15) ( 6.926E-14, 2.449E-15)  1.00E-07
  1.295E+02 7.77528E-27 -1.485E-02 ( 5.542E-14, 2.815E-15) ( 6.848E-14, 2.436E-15)  1.00E-07
  1.300E+02 7.58025E-27 -1.503E-02 ( 5.460E-14, 2.795E-15) ( 6.771E-14, 2.423E-15)  1.00E-07
  1.305E+02 7.38949E-27 -1.521E-02 ( 5.380E-14, 2.776E-15) ( 6.695E-14, 2.409E-15)  1.00E-07
  1.310E+02 7.20290E-27 -1.540E-02 ( 5.300E-14, 2.756E-15) ( 6.618E-14, 2.395E-15)  1.00E-07
  1.315E+02 7.02040E-27 -1.559E-02 ( 5.222E-14, 2.737E-15) ( 6.542E-14, 2.381E-15)  1.00E-07
  1.320E+02 6.84188E-27 -1.578E-02 ( 5.145E-14, 2.717E-15) ( 6.466E-14, 2.366E-15)  1.00E-07
  1.325E+02 6.66726E-27 -1.598E-02 ( 5.070E-14, 2.698E-15) ( 6.391E-14, 2.351E-15)  1.00E-07
  1.330E+02 6.49645E-27 -1.618E-02 ( 4.995E-14, 2.679E-15) ( 6.316E-14, 2.335E-15)  1.00E-07
  1.335E+02 6.32937E-27 -1.638E-02 ( 4.922E-14, 2.659E-15) ( 6.241E-14, 2.319E-15)  1.00E-07
  1.340E+02 6.16594E-27 -1.658E-02 ( 4.849E-14, 2.640E-15) ( 6.166E-14, 2.303E-15)  1.00E-07
  1.345E+02 6.00607E-27 -1.679E-02 ( 4.778E-14, 2.621E-15) ( 6.092E-14, 2.287E-15)  1.00E-07
  1.350E+02 5.84969E-27 -1.700E-02 ( 4.708E-14, 2.602E-15) ( 6.018E-14, 2.270E-15)  1.00E-07
  1.355E+02 5.69672E-27 -1.721E-02 ( 4.639E-14, 2.583E-15) ( 5.944E-14, 2.253E-15)  1.00E-07
  1.360E+02 5.54708E-27 -1.742E-02 ( 4.571E-14, 2.564E-15) ( 5.870E-14, 2.235E-15)  1.00E-07
  1.365E+02 5.40072E-27 -1.764E-02 ( 4.505E-14, 2.545E-15) ( 5.797E-14, 2.218E-15)  1.00E-07
  1.370E+02 5.25755E-27 -1.787E-02 ( 4.439E-14, 2.526E-15) ( 5.724E-14, 2.200E-15)  1.00E-07
  1.375E+02 5.11751E-27 -1.809E-02 ( 4.374E-14, 2.508E-15) ( 5.651E-14, 2.181E-15)  1.00E-07
  1.380E+02 4.98053E-27 -1.832E-02 ( 4.311E-14, 2.489E-15) ( 5.578E-14, 2.163E-15)  1.00E-07
  1.385E+02 4.84655E-27 -1.855E-02 ( 4.248E-14, 2.471E-15) ( 5.506E-14, 2.144E-15)  1.00E-07
  1.390E+02 4.71550E-27 -1.879E-02 ( 4.187E-14, 2.452E-15) ( 5.433E-14, 2.125E-15)  1.00E-07
  1.395E+02 4.58734E-27 -1.903E-02 ( 4.126E-14, 2.434E-15) ( 5.361E-14, 2.105E-15)  1.00E-07
  1.400E+02 4.46198E-27 -1.927E-02 ( 4.067E-14, 2.416E-15) ( 5.290E-14, 2.085E-15)  1.00E-07
  1.405E+02 4.33939E-27 -1.952E-02 ( 4.008E-14, 2.398E-15) ( 5.218E-14, 2.066E-15)  1.00E-07
  1.410E+02 4.21950E-27 -1.977E-02 ( 3.950E-14, 2.380E-15) ( 5.147E-14, 2.045E-15)  1.00E-07
  1.415E+02 4.10225E-27 -2.002E-02 ( 3.894E-14, 2.363E-15) ( 5.076E-14, 2.025E-15)  1.00E-07
  1.420E+02 3.98760E-27 -2.028E-02 ( 3.838E-14, 2.345E-15) ( 5.005E-14, 2.004E-15)  1.00E-07
  1.425E+02 3.87550E-27 -2.054E-02 ( 3.783E-14, 2.328E-15) ( 4.934E-14, 1.983E-15)  1.00E-07
  1.430E+02 3.76589E-27 -2.081E-02 ( 3.730E-14, 2.310E-15) ( 4.864E-14, 1.962E-15)  1.00E-07
  1.435E+02 3.65872E-27 -2.108E-02 ( 3.677E-14, 2.293E-15) ( 4.794E-14, 1.941E-15)  1.00E-07
  1.440E+02 3.55395E-27 -2.136E-02 ( 3.625E-14, 2.276E-15) ( 4.724E-14, 1.919E-15)  1.00E-07
  1.445E+02 3.45152E-27 -2.164E-02 ( 3.574E-14, 2.259E-15) ( 4.654E-14, 1.897E-15)  1.00E-07
  1.450E+02 3.35141E-27 -2.192E-02 ( 3.524E-14, 2.243E-15) ( 4.584E-14, 1.875E-15)  1.00E-07
  1.455E+02 3.25355E-27 -2.221E-02 ( 3.474E-14, 2.226E-15) ( 4.514E-14, 1.853E-15)  1.00E-07
  1.460E+02 3.15791E-27 -2.250E-02 ( 3.426E-14, 2.210E-15) ( 4.445E-14, 1.831E-15)  1.00E-07
  1.465E+02 3.06445E-27 -2.280E-02 ( 3.379E-14, 2.194E-15) ( 4.376E-14, 1.808E-15)  1.00E-07
  1.470E+02 2.97313E-27 -2.310E-02 ( 3.332E-14, 2.178E-15) ( 4.307E-14, 1.785E-15)  1.00E-07
  1.475E+02 2.88390E-27 -2.340E-02 ( 3.286E-14, 2.162E-15) ( 4.238E-14, 1.762E-15)  1.00E-07
  1.480E+02 2.79673E-27 -2.371E-02 ( 3.241E-14, 2.147E-15) ( 4.170E-14, 1.739E-15)  1.00E-07
  1.485E+02 2.71158E-27 -2.403E-02 ( 3.197E-14, 2.131E-15) ( 4.101E-14, 1.715E-15)  1.00E-07
  1.490E+02 2.62842E-27 -2.434E-02 ( 3.154E-14, 2.116E-15) ( 4.033E-14, 1.691E-15)  1.00E-07
  1.495E+02 2.54721E-27 -2.467E-02 ( 3.112E-14, 2.101E-15) ( 3.965E-14, 1.668E-15)  1.00E-07
  1.500E+02 2.46791E-27 -2.499E-02 ( 3.070E-14, 2.086E-15) ( 3.897E-14, 1.644E-15)  1.00E-07
  1.505E+02 2.39049E-27 -2.533E-02 ( 3.029E-14, 2.072E-15) ( 3.829E-14, 1.619E-15)  1.00E-07
  1.510E+02 2.31493E-27 -2.566E-02 ( 2.989E-14, 2.057E-15) ( 3.761E-14, 1.595E-15)  1.00E-07
  1.515E+02 2.24118E-27 -2.600E-02 ( 2.950E-14, 2.043E-15) ( 3.694E-14, 1.571E-15)  1.00E-07
  1.520E+02 2.16923E-27 -2.635E-02 ( 2.912E-14, 2.029E-15) ( 3.626E-14, 1.546E-15)  1.00E-07
  1.525E+02 2.09903E-27 -2.670E-02 ( 2.874E-14, 2.015E-15) ( 3.559E-14, 1.521E-15)  1.00E-07
  1.530E+02 2.03056E-27 -2.705E-02 ( 2.837E-14, 2.002E-15) ( 3.492E-14, 1.496E-15)  1.00E-07
  1.535E+02 1.96379E-27 -2.740E-02 ( 2.801E-14, 1.989E-15) ( 3.425E-14, 1.471E-15)  1.00E-07
  1.540E+02 1.89869E-27 -2.776E-02 ( 2.766E-14, 1.975E-15) ( 3.358E-14, 1.446E-15)  1.00E-07
  1.545E+02 1.83524E-27 -2.812E-02 ( 2.731E-14, 1.963E-15) ( 3.291E-14, 1.420E-15)  1.00E-07
  1.550E+02 1.77341E-27 -2.849E-02 ( 2.698E-14, 1.950E-15) ( 3.225E-14, 1.395E-15)  1.00E-07
  1.555E+02 1.71318E-27 -2.886E-02 ( 2.665E-14, 1.937E-15) ( 3.158E-14, 1.369E-15)  1.00E-07
  1.560E+02 1.65452E-27 -2.922E-02 ( 2.632E-14, 1.925E-15) ( 3.092E-14, 1.343E-15)  1.00E-07
  1.565E+02 1.59740E-27 -2.959E-02 ( 2.601E-14, 1.913E-15) ( 3.026E-14, 1.317E-15)  1.00E-07
  1.570E+02 1.54182E-27 -2.997E-02 ( 2.570E-14, 1.901E-15) ( 2.960E-14, 1.291E-15)  1.00E-07
  1.575E+02 1.48773E-27 -3.034E-02 ( 2.540E-14, 1.890E-15) ( 2.894E-14, 1.265E-15)  1.00E-07
  1.580E+02 1.43513E-27 -3.071E-02 ( 2.511E-14, 1.879E-15) ( 2.828E-14, 1.238E-15)  1.00E-07
  1.585E+02 1.38398E-27 -3.108E-02 ( 2.482E-14, 1.867E-15) ( 2.762E-14, 1.212E-15)  1.00E-07
  1.590E+02 1.33428E-27 -3.144E-02 ( 2.454E-14, 1.857E-15) ( 2.696E-14, 1.185E-15)  1.00E-07
  1.595E+02 1.28599E-27 -3.180E-02 ( 2.427E-14, 1.846E-15) ( 2.631E-14, 1.158E-15)  1.00E-07
  1.600E+02 1.23911E-27 -3.216E-02 ( 2.401E-14, 1.836E-15) ( 2.565E-14, 1.131E-15)  1.00E-07
  1.605E+02 1.19361E-27 -3.251E-02 ( 2.375E-14, 1.825E-15) ( 2.500E-14, 1.105E-15)  1.00E-07
  1.610E+02 1.14948E-27 -3.286E-02 ( 2.350E-14, 1.816E-15) ( 2.435E-14, 1.078E-15)  1.00E-07
  1.615E+02 1.10669E-27 -3.319E-02 ( 2.326E-14, 1.806E-15) ( 2.370E-14, 1.050E-15)  1.00E-07
  1.620E+02 1.06523E-27 -3.351E-02 ( 2.302E-14, 1.797E-15) ( 2.304E-14, 1.023E-15)  1.00E-07
  1.625E+02 1.02509E-27 -3.382E-02 ( 2.279E-14, 1.787E-15) ( 2.239E-14, 9.958E-16)  1.00E-07
  1.630E+02 9.86250E-28 -3.411E-02 ( 2.257E-14, 1.778E-15) ( 2.175E-14, 9.683E-16)  1.00E-07
  1.635E+02 9.48691E-28 -3.438E-02 ( 2.235E-14, 1.770E-15) ( 2.110E-14, 9.408E-16)  1.00E-07
  1.640E+02 9.12402E-28 -3.463E-02 ( 2.214E-14, 1.761E-15) ( 2.045E-14, 9.132E-16)  1.00E-07
  1.645E+02 8.77369E-28 -3.485E-02 ( 2.194E-14, 1.753E-15) ( 1.980E-14, 8.855E-16)  1.00E-07
  1.650E+02 8.43578E-28 -3.505E-02 ( 2.174E-14, 1.745E-15) ( 1.916E-14, 8.577E-16)  1.00E-07
  1.655E+02 8.11015E-28 -3.521E-02 ( 2.156E-14, 1.738E-15) ( 1.851E-14, 8.299E-16)  1.00E-07
  1.660E+02 7.79669E-28 -3.533E-02 ( 2.137E-14, 1.730E-15) ( 1.787E-14, 8.019E-16)  1.00E-07
  1.665E+02 7.49527E-28 -3.541E-02 ( 2.120E-14, 1.723E-15) ( 1.722E-14, 7.739E-16)  1.00E-07
  1.670E+02 7.20579E-28 -3.544E-02 ( 2.103E-14, 1.716E-15) ( 1.658E-14, 7.459E-16)  1.00E-07
  1.675E+02 6.92812E-28 -3.541E-02 ( 2.087E-14, 1.709E-15) ( 1.594E-14, 7.177E-16)  1.00E-07
  1.680E+02 6.66217E-28 -3.532E-02 ( 2.071E-14, 1.703E-15) ( 1.529E-14, 6.895E-16)  1.00E-07
  1.685E+02 6.40783E-28 -3.517E-02 ( 2.056E-14, 1.697E-15) ( 1.465E-14, 6.612E-16)  1.00E-07
  1.690E+02 6.16501E-28 -3.494E-02 ( 2.042E-14, 1.691E-15) ( 1.401E-14, 6.329E-16)  1.00E-07
  1.695E+02 5.93361E-28 -3.463E-02 ( 2.028E-14, 1.685E-15) ( 1.337E-14, 6.045E-16)  1.00E-07
  1.700E+02 5.71354E-28 -3.423E-02 ( 2.015E-14, 1.680E-15) ( 1.273E-14, 5.761E-16)  1.00E-07
  1.705E+02 5.50474E-28 -3.373E-02 ( 2.003E-14, 1.675E-15) ( 1.209E-14, 5.476E-16)  1.00E-07
  1.710E+02 5.30710E-28 -3.313E-02 ( 1.991E-14, 1.670E-15) ( 1.145E-14, 5.191E-16)  1.00E-07
  1.715E+02 5.12056E-28 -3.241E-02 ( 1.980E-14, 1.665E-15) ( 1.081E-14, 4.905E-16)  1.00E-07
  1.720E+02 4.94506E-28 -3.157E-02 ( 1.970E-14, 1.661E-15) ( 1.018E-14, 4.618E-16)  1.00E-07
  1.725E+02 4.78052E-28 -3.060E-02 ( 1.960E-14, 1.657E-15) ( 9.539E-15, 4.332E-16)  1.00E-07
  1.730E+02 4.62688E-28 -2.950E-02 ( 1.951E-14, 1.653E-15) ( 8.901E-15, 4.045E-16)  1.00E-07
  1.735E+02 4.48408E-28 -2.825E-02 ( 1.942E-14, 1.649E-15) ( 8.264E-15, 3.757E-16)  1.00E-07
  1.740E+02 4.35207E-28 -2.686E-02 ( 1.934E-14, 1.646E-15) ( 7.627E-15, 3.469E-16)  1.00E-07
  1.745E+02 4.23081E-28 -2.532E-02 ( 1.927E-14, 1.643E-15) ( 6.991E-15, 3.181E-16)  1.00E-07
  1.750E+02 4.12024E-28 -2.362E-02 ( 1.921E-14, 1.640E-15) ( 6.354E-15, 2.893E-16)  1.00E-07
  1.755E+02 4.02033E-28 -2.178E-02 ( 1.915E-14, 1.638E-15) ( 5.718E-15, 2.604E-16)  1.00E-07
  1.760E+02 3.93103E-28 -1.980E-02 ( 1.909E-14, 1.636E-15) ( 5.082E-15, 2.316E-16)  1.00E-07
  1.765E+02 3.85232E-28 -1.767E-02 ( 1.905E-14, 1.634E-15) ( 4.447E-15, 2.027E-16)  1.00E-07
  1.770E+02 3.78416E-28 -1.542E-02 ( 1.901E-14, 1.632E-15) ( 3.811E-15, 1.737E-16)  1.00E-07
  1.775E+02 3.72653E-28 -1.304E-02 ( 1.897E-14, 1.630E-15) ( 3.176E-15, 1.448E-16)  1.00E-07
  1.780E+02 3.67941E-28 -1.057E-02 ( 1.894E-14, 1.629E-15) ( 2.540E-15, 1.159E-16)  1.00E-07
  1.785E+02 3.64277E-28 -8.003E-03 ( 1.892E-14, 1.628E-15) ( 1.905E-15, 8.692E-17)  1.00E-07
  1.790E+02 3.61662E-28 -5.375E-03 ( 1.890E-14, 1.628E-15) ( 1.270E-15, 5.794E-17)  1.00E-07
  1.795E+02 3.60093E-28 -2.699E-03 ( 1.890E-14, 1.627E-15) ( 6.350E-16, 2.897E-17)  1.30E-07
  1.800E+02 3.59566E-28 -3.726E-17 ( 1.889E-14, 1.627E-15) ( 8.907E-30, 4.127E-31)  6.17E-07

  **** DPWA0 ENDED ************************************************************

