

  **** PARTIAL WAVE ANALYSIS (DPWA0) ******************************************


  KINETIC ENERGY = 3.70000E+06 eV

  ONLY INNER PHASE SHIFTS ARE TABULATED

      L       PHASE(SPIN UP)     PHASE(SPIN DOWN)
  -----------------------------------------------
       0     -3.01044046E-06      0.00000000E+00
       1     -4.44661379E-10     -2.35918554E-06
       2     -6.55719278E-14     -3.48454805E-10
       3      0.00000000E+00     -5.09228801E-14
       4      0.00000000E+00      0.00000000E+00
       5      0.00000000E+00      0.00000000E+00
       6      0.00000000E+00      0.00000000E+00
       7     -6.97573700E-16      0.00000000E+00
       8      0.00000000E+00      0.00000000E+00
       9      0.00000000E+00      0.00000000E+00
      10      0.00000000E+00      0.00000000E+00
      11      2.16247847E-14      6.97573700E-16


  *** SCATTERING AMPLITUDES AND DIFFERENTIAL CROSS SECTION ***

    ANGLE      DCS       ASYMMETRY    DIRECT AMPLITUDE       SPIN-FLIP AMPLITUDE     ERROR
    (deg)   (cm**2/sr)                      (cm)                    (cm)
  -------------------------------------------------------------------------------------------
  0.000E+00 1.00000E-45  0.000E+00 ( 0.000E+00, 0.000E+00) ( 0.000E+00, 0.000E+00)  1.00E+00
  1.000E-04 1.00000E-45  0.000E+00 ( 0.000E+00, 0.000E+00) ( 0.000E+00, 0.000E+00)  1.00E+00
  1.250E-04 1.00000E-45  0.000E+00 ( 0.000E+00, 0.000E+00) ( 0.000E+00, 0.000E+00)  1.00E+00
  1.500E-04 1.00000E-45  0.000E+00 ( 0.000E+00, 0.000E+00) ( 0.000E+00, 0.000E+00)  1.00E+00
  1.750E-04 1.00000E-45  0.000E+00 ( 0.000E+00, 0.000E+00) ( 0.000E+00, 0.000E+00)  1.00E+00
  2.000E-04 1.00000E-45  0.000E+00 ( 0.000E+00, 0.000E+00) ( 0.000E+00, 0.000E+00)  1.00E+00
  2.250E-04 1.00000E-45  0.000E+00 ( 0.000E+00, 0.000E+00) ( 0.000E+00, 0.000E+00)  1.00E+00
  2.500E-04 1.00000E-45  0.000E+00 ( 0.000E+00, 0.000E+00) ( 0.000E+00, 0.000E+00)  1.00E+00
  2.750E-04 1.00000E-45  0.000E+00 ( 0.000E+00, 0.000E+00) ( 0.000E+00, 0.000E+00)  1.00E+00
  3.000E-04 1.00000E-45  0.000E+00 ( 0.000E+00, 0.000E+00) ( 0.000E+00, 0.000E+00)  1.00E+00
  3.250E-04 1.00000E-45  0.000E+00 ( 0.000E+00, 0.000E+00) ( 0.000E+00, 0.000E+00)  1.00E+00
  3.500E-04 1.00000E-45  0.000E+00 ( 0.000E+00, 0.000E+00) ( 0.000E+00, 0.000E+00)  1.00E+00
  3.750E-04 1.00000E-45  0.000E+00 ( 0.000E+00, 0.000E+00) ( 0.000E+00, 0.000E+00)  1.00E+00
  4.000E-04 1.00000E-45  0.000E+00 ( 0.000E+00, 0.000E+00) ( 0.000E+00, 0.000E+00)  1.00E+00
  4.250E-04 1.00000E-45  0.000E+00 ( 0.000E+00, 0.000E+00) ( 0.000E+00, 0.000E+00)  1.00E+00
  4.500E-04 1.00000E-45  0.000E+00 ( 0.000E+00, 0.000E+00) ( 0.000E+00, 0.000E+00)  1.00E+00
  4.750E-04 1.00000E-45  0.000E+00 ( 0.000E+00, 0.000E+00) ( 0.000E+00, 0.000E+00)  1.00E+00
  5.000E-04 1.00000E-45  0.000E+00 ( 0.000E+00, 0.000E+00) ( 0.000E+00, 0.000E+00)  1.00E+00
  5.250E-04 1.00000E-45  0.000E+00 ( 0.000E+00, 0.000E+00) ( 0.000E+00, 0.000E+00)  1.00E+00
  5.500E-04 1.00000E-45  0.000E+00 ( 0.000E+00, 0.000E+00) ( 0.000E+00, 0.000E+00)  1.00E+00
  5.750E-04 1.00000E-45  0.000E+00 ( 0.000E+00, 0.000E+00) ( 0.000E+00, 0.000E+00)  1.00E+00
  6.000E-04 1.00000E-45  0.000E+00 ( 0.000E+00, 0.000E+00) ( 0.000E+00, 0.000E+00)  1.00E+00
  6.250E-04 1.00000E-45  0.000E+00 ( 0.000E+00, 0.000E+00) ( 0.000E+00, 0.000E+00)  1.00E+00
  6.500E-04 1.00000E-45  0.000E+00 ( 0.000E+00, 0.000E+00) ( 0.000E+00, 0.000E+00)  1.00E+00
  6.750E-04 1.00000E-45  0.000E+00 ( 0.000E+00, 0.000E+00) ( 0.000E+00, 0.000E+00)  1.00E+00
  7.000E-04 1.00000E-45  0.000E+00 ( 0.000E+00, 0.000E+00) ( 0.000E+00, 0.000E+00)  1.00E+00
  7.250E-04 1.00000E-45  0.000E+00 ( 0.000E+00, 0.000E+00) ( 0.000E+00, 0.000E+00)  1.00E+00
  7.500E-04 1.00000E-45  0.000E+00 ( 0.000E+00, 0.000E+00) ( 0.000E+00, 0.000E+00)  1.00E+00
  7.750E-04 1.00000E-45  0.000E+00 ( 0.000E+00, 0.000E+00) ( 0.000E+00, 0.000E+00)  1.00E+00
  8.000E-04 1.00000E-45  0.000E+00 ( 0.000E+00, 0.000E+00) ( 0.000E+00, 0.000E+00)  1.00E+00
  8.250E-04 1.00000E-45  0.000E+00 ( 0.000E+00, 0.000E+00) ( 0.000E+00, 0.000E+00)  1.00E+00
  8.500E-04 1.00000E-45  0.000E+00 ( 0.000E+00, 0.000E+00) ( 0.000E+00, 0.000E+00)  1.00E+00
  8.750E-04 1.00000E-45  0.000E+00 ( 0.000E+00, 0.000E+00) ( 0.000E+00, 0.000E+00)  1.00E+00
  9.000E-04 1.00000E-45  0.000E+00 ( 0.000E+00, 0.000E+00) ( 0.000E+00, 0.000E+00)  1.00E+00
  9.250E-04 1.00000E-45  0.000E+00 ( 0.000E+00, 0.000E+00) ( 0.000E+00, 0.000E+00)  1.00E+00
  9.500E-04 1.00000E-45  0.000E+00 ( 0.000E+00, 0.000E+00) ( 0.000E+00, 0.000E+00)  1.00E+00
  9.750E-04 1.00000E-45  0.000E+00 ( 0.000E+00, 0.000E+00) ( 0.000E+00, 0.000E+00)  1.00E+00
  1.000E-03 1.00000E-45  0.000E+00 ( 0.000E+00, 0.000E+00) ( 0.000E+00, 0.000E+00)  1.00E+00
  1.250E-03 1.00000E-45  0.000E+00 ( 0.000E+00, 0.000E+00) ( 0.000E+00, 0.000E+00)  1.00E+00
  1.500E-03 1.00000E-45  0.000E+00 ( 0.000E+00, 0.000E+00) ( 0.000E+00, 0.000E+00)  1.00E+00
  1.750E-03 1.00000E-45  0.000E+00 ( 0.000E+00, 0.000E+00) ( 0.000E+00, 0.000E+00)  1.00E+00
  2.000E-03 1.00000E-45  0.000E+00 ( 0.000E+00, 0.000E+00) ( 0.000E+00, 0.000E+00)  1.00E+00
  2.250E-03 1.00000E-45  0.000E+00 ( 0.000E+00, 0.000E+00) ( 0.000E+00, 0.000E+00)  1.00E+00
  2.500E-03 1.00000E-45  0.000E+00 ( 0.000E+00, 0.000E+00) ( 0.000E+00, 0.000E+00)  1.00E+00
  2.750E-03 1.00000E-45  0.000E+00 ( 0.000E+00, 0.000E+00) ( 0.000E+00, 0.000E+00)  1.00E+00
  3.000E-03 1.00000E-45  0.000E+00 ( 0.000E+00, 0.000E+00) ( 0.000E+00, 0.000E+00)  1.00E+00
  3.250E-03 1.00000E-45  0.000E+00 ( 0.000E+00, 0.000E+00) ( 0.000E+00, 0.000E+00)  1.00E+00
  3.500E-03 1.00000E-45  0.000E+00 ( 0.000E+00, 0.000E+00) ( 0.000E+00, 0.000E+00)  1.00E+00
  3.750E-03 1.00000E-45  0.000E+00 ( 0.000E+00, 0.000E+00) ( 0.000E+00, 0.000E+00)  1.00E+00
  4.000E-03 1.00000E-45  0.000E+00 ( 0.000E+00, 0.000E+00) ( 0.000E+00, 0.000E+00)  1.00E+00
  4.250E-03 1.00000E-45  0.000E+00 ( 0.000E+00, 0.000E+00) ( 0.000E+00, 0.000E+00)  1.00E+00
  4.500E-03 1.00000E-45  0.000E+00 ( 0.000E+00, 0.000E+00) ( 0.000E+00, 0.000E+00)  1.00E+00
  4.750E-03 1.00000E-45  0.000E+00 ( 0.000E+00, 0.000E+00) ( 0.000E+00, 0.000E+00)  1.00E+00
  5.000E-03 1.00000E-45  0.000E+00 ( 0.000E+00, 0.000E+00) ( 0.000E+00, 0.000E+00)  1.00E+00
  5.250E-03 1.00000E-45  0.000E+00 ( 0.000E+00, 0.000E+00) ( 0.000E+00, 0.000E+00)  1.00E+00
  5.500E-03 1.00000E-45  0.000E+00 ( 0.000E+00, 0.000E+00) ( 0.000E+00, 0.000E+00)  1.00E+00
  5.750E-03 1.00000E-45  0.000E+00 ( 0.000E+00, 0.000E+00) ( 0.000E+00, 0.000E+00)  1.00E+00
  6.000E-03 1.00000E-45  0.000E+00 ( 0.000E+00, 0.000E+00) ( 0.000E+00, 0.000E+00)  1.00E+00
  6.250E-03 1.00000E-45  0.000E+00 ( 0.000E+00, 0.000E+00) ( 0.000E+00, 0.000E+00)  1.00E+00
  6.500E-03 1.00000E-45  0.000E+00 ( 0.000E+00, 0.000E+00) ( 0.000E+00, 0.000E+00)  1.00E+00
  6.750E-03 1.00000E-45  0.000E+00 ( 0.000E+00, 0.000E+00) ( 0.000E+00, 0.000E+00)  1.00E+00
  7.000E-03 1.00000E-45  0.000E+00 ( 0.000E+00, 0.000E+00) ( 0.000E+00, 0.000E+00)  1.00E+00
  7.250E-03 1.00000E-45  0.000E+00 ( 0.000E+00, 0.000E+00) ( 0.000E+00, 0.000E+00)  1.00E+00
  7.500E-03 1.00000E-45  0.000E+00 ( 0.000E+00, 0.000E+00) ( 0.000E+00, 0.000E+00)  1.00E+00
  7.750E-03 1.00000E-45  0.000E+00 ( 0.000E+00, 0.000E+00) ( 0.000E+00, 0.000E+00)  1.00E+00
  8.000E-03 1.00000E-45  0.000E+00 ( 0.000E+00, 0.000E+00) ( 0.000E+00, 0.000E+00)  1.00E+00
  8.250E-03 1.00000E-45  0.000E+00 ( 0.000E+00, 0.000E+00) ( 0.000E+00, 0.000E+00)  1.00E+00
  8.500E-03 1.00000E-45  0.000E+00 ( 0.000E+00, 0.000E+00) ( 0.000E+00, 0.000E+00)  1.00E+00
  8.750E-03 1.00000E-45  0.000E+00 ( 0.000E+00, 0.000E+00) ( 0.000E+00, 0.000E+00)  1.00E+00
  9.000E-03 1.00000E-45  0.000E+00 ( 0.000E+00, 0.000E+00) ( 0.000E+00, 0.000E+00)  1.00E+00
  9.250E-03 1.00000E-45  0.000E+00 ( 0.000E+00, 0.000E+00) ( 0.000E+00, 0.000E+00)  1.00E+00
  9.500E-03 1.00000E-45  0.000E+00 ( 0.000E+00, 0.000E+00) ( 0.000E+00, 0.000E+00)  1.00E+00
  9.750E-03 1.00000E-45  0.000E+00 ( 0.000E+00, 0.000E+00) ( 0.000E+00, 0.000E+00)  1.00E+00
  1.000E-02 1.00000E-45  0.000E+00 ( 0.000E+00, 0.000E+00) ( 0.000E+00, 0.000E+00)  1.00E+00
  1.250E-02 1.00000E-45  0.000E+00 ( 0.000E+00, 0.000E+00) ( 0.000E+00, 0.000E+00)  1.00E+00
  1.500E-02 1.00000E-45  0.000E+00 ( 0.000E+00, 0.000E+00) ( 0.000E+00, 0.000E+00)  1.00E+00
  1.750E-02 1.00000E-45  0.000E+00 ( 0.000E+00, 0.000E+00) ( 0.000E+00, 0.000E+00)  1.00E+00
  2.000E-02 1.00000E-45  0.000E+00 ( 0.000E+00, 0.000E+00) ( 0.000E+00, 0.000E+00)  1.00E+00
  2.250E-02 1.00000E-45  0.000E+00 ( 0.000E+00, 0.000E+00) ( 0.000E+00, 0.000E+00)  1.00E+00
  2.500E-02 1.00000E-45  0.000E+00 ( 0.000E+00, 0.000E+00) ( 0.000E+00, 0.000E+00)  1.00E+00
  2.750E-02 1.00000E-45  0.000E+00 ( 0.000E+00, 0.000E+00) ( 0.000E+00, 0.000E+00)  1.00E+00
  3.000E-02 1.00000E-45  0.000E+00 ( 0.000E+00, 0.000E+00) ( 0.000E+00, 0.000E+00)  1.00E+00
  3.250E-02 1.00000E-45  0.000E+00 ( 0.000E+00, 0.000E+00) ( 0.000E+00, 0.000E+00)  1.00E+00
  3.500E-02 1.00000E-45  0.000E+00 ( 0.000E+00, 0.000E+00) ( 0.000E+00, 0.000E+00)  1.00E+00
  3.750E-02 1.00000E-45  0.000E+00 ( 0.000E+00, 0.000E+00) ( 0.000E+00, 0.000E+00)  1.00E+00
  4.000E-02 1.00000E-45  0.000E+00 ( 0.000E+00, 0.000E+00) ( 0.000E+00, 0.000E+00)  1.00E+00
  4.250E-02 1.00000E-45  0.000E+00 ( 0.000E+00, 0.000E+00) ( 0.000E+00, 0.000E+00)  1.00E+00
  4.500E-02 1.00000E-45  0.000E+00 ( 0.000E+00, 0.000E+00) ( 0.000E+00, 0.000E+00)  1.00E+00
  4.750E-02 1.00000E-45  0.000E+00 ( 0.000E+00, 0.000E+00) ( 0.000E+00, 0.000E+00)  1.00E+00
  5.000E-02 1.00000E-45  0.000E+00 ( 0.000E+00, 0.000E+00) ( 0.000E+00, 0.000E+00)  1.00E+00
  5.250E-02 1.00000E-45  0.000E+00 ( 0.000E+00, 0.000E+00) ( 0.000E+00, 0.000E+00)  1.00E+00
  5.500E-02 1.00000E-45  0.000E+00 ( 0.000E+00, 0.000E+00) ( 0.000E+00, 0.000E+00)  1.00E+00
  5.750E-02 1.00000E-45  0.000E+00 ( 0.000E+00, 0.000E+00) ( 0.000E+00, 0.000E+00)  1.00E+00
  6.000E-02 1.00000E-45  0.000E+00 ( 0.000E+00, 0.000E+00) ( 0.000E+00, 0.000E+00)  1.00E+00
  6.250E-02 1.00000E-45  0.000E+00 ( 0.000E+00, 0.000E+00) ( 0.000E+00, 0.000E+00)  1.00E+00
  6.500E-02 1.00000E-45  0.000E+00 ( 0.000E+00, 0.000E+00) ( 0.000E+00, 0.000E+00)  1.00E+00
  6.750E-02 1.00000E-45  0.000E+00 ( 0.000E+00, 0.000E+00) ( 0.000E+00, 0.000E+00)  1.00E+00
  7.000E-02 1.00000E-45  0.000E+00 ( 0.000E+00, 0.000E+00) ( 0.000E+00, 0.000E+00)  1.00E+00
  7.250E-02 1.00000E-45  0.000E+00 ( 0.000E+00, 0.000E+00) ( 0.000E+00, 0.000E+00)  1.00E+00
  7.500E-02 1.00000E-45  0.000E+00 ( 0.000E+00, 0.000E+00) ( 0.000E+00, 0.000E+00)  1.00E+00
  7.750E-02 1.00000E-45  0.000E+00 ( 0.000E+00, 0.000E+00) ( 0.000E+00, 0.000E+00)  1.00E+00
  8.000E-02 1.00000E-45  0.000E+00 ( 0.000E+00, 0.000E+00) ( 0.000E+00, 0.000E+00)  1.00E+00
  8.250E-02 1.00000E-45  0.000E+00 ( 0.000E+00, 0.000E+00) ( 0.000E+00, 0.000E+00)  1.00E+00
  8.500E-02 1.00000E-45  0.000E+00 ( 0.000E+00, 0.000E+00) ( 0.000E+00, 0.000E+00)  1.00E+00
  8.750E-02 1.00000E-45  0.000E+00 ( 0.000E+00, 0.000E+00) ( 0.000E+00, 0.000E+00)  1.00E+00
  9.000E-02 1.00000E-45  0.000E+00 ( 0.000E+00, 0.000E+00) ( 0.000E+00, 0.000E+00)  1.00E+00
  9.250E-02 1.00000E-45  0.000E+00 ( 0.000E+00, 0.000E+00) ( 0.000E+00, 0.000E+00)  1.00E+00
  9.500E-02 1.00000E-45  0.000E+00 ( 0.000E+00, 0.000E+00) ( 0.000E+00, 0.000E+00)  1.00E+00
  9.750E-02 1.00000E-45  0.000E+00 ( 0.000E+00, 0.000E+00) ( 0.000E+00, 0.000E+00)  1.00E+00
  1.000E-01 1.00000E-45  0.000E+00 ( 0.000E+00, 0.000E+00) ( 0.000E+00, 0.000E+00)  1.00E+00
  1.250E-01 1.00000E-45  0.000E+00 ( 0.000E+00, 0.000E+00) ( 0.000E+00, 0.000E+00)  1.00E+00
  1.500E-01 1.00000E-45  0.000E+00 ( 0.000E+00, 0.000E+00) ( 0.000E+00, 0.000E+00)  1.00E+00
  1.750E-01 1.00000E-45  0.000E+00 ( 0.000E+00, 0.000E+00) ( 0.000E+00, 0.000E+00)  1.00E+00
  2.000E-01 1.00000E-45  0.000E+00 ( 0.000E+00, 0.000E+00) ( 0.000E+00, 0.000E+00)  1.00E+00
  2.250E-01 1.00000E-45  0.000E+00 ( 0.000E+00, 0.000E+00) ( 0.000E+00, 0.000E+00)  1.00E+00
  2.500E-01 1.00000E-45  0.000E+00 ( 0.000E+00, 0.000E+00) ( 0.000E+00, 0.000E+00)  1.00E+00
  2.750E-01 1.00000E-45  0.000E+00 ( 0.000E+00, 0.000E+00) ( 0.000E+00, 0.000E+00)  1.00E+00
  3.000E-01 1.00000E-45  0.000E+00 ( 0.000E+00, 0.000E+00) ( 0.000E+00, 0.000E+00)  1.00E+00
  3.250E-01 1.00000E-45  0.000E+00 ( 0.000E+00, 0.000E+00) ( 0.000E+00, 0.000E+00)  1.00E+00
  3.500E-01 1.00000E-45  0.000E+00 ( 0.000E+00, 0.000E+00) ( 0.000E+00, 0.000E+00)  1.00E+00
  3.750E-01 1.00000E-45  0.000E+00 ( 0.000E+00, 0.000E+00) ( 0.000E+00, 0.000E+00)  1.00E+00
  4.000E-01 1.00000E-45  0.000E+00 ( 0.000E+00, 0.000E+00) ( 0.000E+00, 0.000E+00)  1.00E+00
  4.250E-01 1.00000E-45  0.000E+00 ( 0.000E+00, 0.000E+00) ( 0.000E+00, 0.000E+00)  1.00E+00
  4.500E-01 1.00000E-45  0.000E+00 ( 0.000E+00, 0.000E+00) ( 0.000E+00, 0.000E+00)  1.00E+00
  4.750E-01 1.00000E-45  0.000E+00 ( 0.000E+00, 0.000E+00) ( 0.000E+00, 0.000E+00)  1.00E+00
  5.000E-01 1.00000E-45  0.000E+00 ( 0.000E+00, 0.000E+00) ( 0.000E+00, 0.000E+00)  1.00E+00
  5.250E-01 1.00000E-45  0.000E+00 ( 0.000E+00, 0.000E+00) ( 0.000E+00, 0.000E+00)  1.00E+00
  5.500E-01 1.00000E-45  0.000E+00 ( 0.000E+00, 0.000E+00) ( 0.000E+00, 0.000E+00)  1.00E+00
  5.750E-01 1.00000E-45  0.000E+00 ( 0.000E+00, 0.000E+00) ( 0.000E+00, 0.000E+00)  1.00E+00
  6.000E-01 1.00000E-45  0.000E+00 ( 0.000E+00, 0.000E+00) ( 0.000E+00, 0.000E+00)  1.00E+00
  6.250E-01 1.00000E-45  0.000E+00 ( 0.000E+00, 0.000E+00) ( 0.000E+00, 0.000E+00)  1.00E+00
  6.500E-01 1.00000E-45  0.000E+00 ( 0.000E+00, 0.000E+00) ( 0.000E+00, 0.000E+00)  1.00E+00
  6.750E-01 1.00000E-45  0.000E+00 ( 0.000E+00, 0.000E+00) ( 0.000E+00, 0.000E+00)  1.00E+00
  7.000E-01 1.00000E-45  0.000E+00 ( 0.000E+00, 0.000E+00) ( 0.000E+00, 0.000E+00)  1.00E+00
  7.250E-01 1.00000E-45  0.000E+00 ( 0.000E+00, 0.000E+00) ( 0.000E+00, 0.000E+00)  1.00E+00
  7.500E-01 1.00000E-45  0.000E+00 ( 0.000E+00, 0.000E+00) ( 0.000E+00, 0.000E+00)  1.00E+00
  7.750E-01 1.00000E-45  0.000E+00 ( 0.000E+00, 0.000E+00) ( 0.000E+00, 0.000E+00)  1.00E+00
  8.000E-01 1.00000E-45  0.000E+00 ( 0.000E+00, 0.000E+00) ( 0.000E+00, 0.000E+00)  1.00E+00
  8.250E-01 1.00000E-45  0.000E+00 ( 0.000E+00, 0.000E+00) ( 0.000E+00, 0.000E+00)  1.00E+00
  8.500E-01 1.00000E-45  0.000E+00 ( 0.000E+00, 0.000E+00) ( 0.000E+00, 0.000E+00)  1.00E+00
  8.750E-01 1.00000E-45  0.000E+00 ( 0.000E+00, 0.000E+00) ( 0.000E+00, 0.000E+00)  1.00E+00
  9.000E-01 1.00000E-45  0.000E+00 ( 0.000E+00, 0.000E+00) ( 0.000E+00, 0.000E+00)  1.00E+00
  9.250E-01 1.00000E-45  0.000E+00 ( 0.000E+00, 0.000E+00) ( 0.000E+00, 0.000E+00)  1.00E+00
  9.500E-01 1.00000E-45  0.000E+00 ( 0.000E+00, 0.000E+00) ( 0.000E+00, 0.000E+00)  1.00E+00
  9.750E-01 1.00000E-45  0.000E+00 ( 0.000E+00, 0.000E+00) ( 0.000E+00, 0.000E+00)  1.00E+00
  1.000E+00 1.00000E-45  0.000E+00 ( 0.000E+00, 0.000E+00) ( 0.000E+00, 0.000E+00)  1.00E+00
  1.100E+00 1.00000E-45  0.000E+00 ( 0.000E+00, 0.000E+00) ( 0.000E+00, 0.000E+00)  1.00E+00
  1.200E+00 1.00000E-45  0.000E+00 ( 0.000E+00, 0.000E+00) ( 0.000E+00, 0.000E+00)  1.00E+00
  1.300E+00 1.81841E-20  0.000E+00 ( 1.346E-10,-7.732E-12) ( 1.341E-12,-7.694E-14)  3.29E-04
  1.400E+00 1.00000E-45  0.000E+00 ( 0.000E+00, 0.000E+00) ( 0.000E+00, 0.000E+00)  1.00E+00
  1.500E+00 1.00000E-45  0.000E+00 ( 0.000E+00, 0.000E+00) ( 0.000E+00, 0.000E+00)  1.00E+00
  1.600E+00 1.00000E-45  0.000E+00 ( 0.000E+00, 0.000E+00) ( 0.000E+00, 0.000E+00)  1.00E+00
  1.700E+00 1.00000E-45  0.000E+00 ( 0.000E+00, 0.000E+00) ( 0.000E+00, 0.000E+00)  1.00E+00
  1.800E+00 4.94767E-21  0.000E+00 ( 7.024E-11,-3.697E-12) ( 9.692E-13,-5.100E-14)  7.26E-04
  1.900E+00 3.98544E-21  0.000E+00 ( 6.304E-11,-3.268E-12) ( 9.187E-13,-4.764E-14)  4.92E-05
  2.000E+00 3.24621E-21  0.000E+00 ( 5.689E-11,-2.907E-12) ( 8.724E-13,-4.456E-14)  5.10E-04
  2.100E+00 2.67070E-21  0.000E+00 ( 5.161E-11,-2.599E-12) ( 8.311E-13,-4.187E-14)  7.89E-04
  2.200E+00 2.21723E-21  0.000E+00 ( 4.702E-11,-2.336E-12) ( 7.933E-13,-3.941E-14)  8.06E-04
  2.300E+00 1.85609E-21  0.000E+00 ( 4.302E-11,-2.109E-12) ( 7.588E-13,-3.720E-14)  6.24E-04
  2.400E+00 1.56554E-21  0.000E+00 ( 3.951E-11,-1.913E-12) ( 7.273E-13,-3.521E-14)  3.16E-04
  2.500E+00 1.32970E-21  0.000E+00 ( 3.642E-11,-1.741E-12) ( 6.981E-13,-3.337E-14)  3.66E-05
  2.600E+00 1.13664E-21  0.000E+00 ( 3.367E-11,-1.590E-12) ( 6.714E-13,-3.171E-14)  2.99E-04
  2.700E+00 9.77381E-22  0.000E+00 ( 3.122E-11,-1.457E-12) ( 6.465E-13,-3.017E-14)  4.38E-04
  2.800E+00 8.45067E-22  0.000E+00 ( 2.903E-11,-1.339E-12) ( 6.234E-13,-2.876E-14)  4.40E-04
  2.900E+00 7.34397E-22  0.000E+00 ( 2.706E-11,-1.235E-12) ( 6.019E-13,-2.746E-14)  3.35E-04
  3.000E+00 6.41272E-22  0.000E+00 ( 2.529E-11,-1.141E-12) ( 5.818E-13,-2.625E-14)  1.58E-04
  3.100E+00 5.62446E-22  0.000E+00 ( 2.369E-11,-1.057E-12) ( 5.631E-13,-2.514E-14)  4.76E-05
  3.200E+00 4.95370E-22  0.000E+00 ( 2.223E-11,-9.818E-13) ( 5.455E-13,-2.410E-14)  1.98E-04
  3.300E+00 4.38001E-22  0.000E+00 ( 2.090E-11,-9.138E-13) ( 5.290E-13,-2.313E-14)  2.74E-04
  3.400E+00 3.88701E-22  0.000E+00 ( 1.969E-11,-8.522E-13) ( 5.135E-13,-2.222E-14)  2.69E-04
  3.500E+00 3.46147E-22  0.000E+00 ( 1.858E-11,-7.963E-13) ( 4.988E-13,-2.138E-14)  1.99E-04
  3.600E+00 3.09259E-22  0.000E+00 ( 1.756E-11,-7.454E-13) ( 4.849E-13,-2.058E-14)  8.57E-05
  3.700E+00 2.77158E-22  0.000E+00 ( 1.663E-11,-6.989E-13) ( 4.718E-13,-1.983E-14)  4.73E-05
  3.800E+00 2.49115E-22  0.000E+00 ( 1.576E-11,-6.565E-13) ( 4.594E-13,-1.914E-14)  1.41E-04
  3.900E+00 2.24530E-22  0.000E+00 ( 1.496E-11,-6.175E-13) ( 4.476E-13,-1.847E-14)  1.85E-04
  4.000E+00 2.02905E-22  0.000E+00 ( 1.423E-11,-5.817E-13) ( 4.365E-13,-1.785E-14)  1.77E-04
  4.100E+00 1.83822E-22  0.000E+00 ( 1.354E-11,-5.488E-13) ( 4.258E-13,-1.726E-14)  1.27E-04
  4.200E+00 1.66930E-22  0.000E+00 ( 1.290E-11,-5.184E-13) ( 4.157E-13,-1.670E-14)  4.80E-05
  4.300E+00 1.51935E-22  0.000E+00 ( 1.231E-11,-4.903E-13) ( 4.060E-13,-1.617E-14)  4.38E-05
  4.400E+00 1.38586E-22  0.000E+00 ( 1.176E-11,-4.643E-13) ( 3.968E-13,-1.567E-14)  1.05E-04
  4.500E+00 1.26671E-22  0.000E+00 ( 1.124E-11,-4.402E-13) ( 3.880E-13,-1.520E-14)  1.32E-04
  4.600E+00 1.16010E-22  0.000E+00 ( 1.076E-11,-4.178E-13) ( 3.795E-13,-1.474E-14)  1.23E-04
  4.700E+00 1.06447E-22  0.000E+00 ( 1.030E-11,-3.969E-13) ( 3.715E-13,-1.431E-14)  8.42E-05
  4.800E+00 9.78492E-23  0.000E+00 ( 9.878E-12,-3.775E-13) ( 3.637E-13,-1.390E-14)  2.68E-05
  4.900E+00 9.01023E-23  0.000E+00 ( 9.479E-12,-3.594E-13) ( 3.563E-13,-1.351E-14)  3.96E-05
  5.000E+00 8.31070E-23  0.000E+00 ( 9.103E-12,-3.425E-13) ( 3.492E-13,-1.314E-14)  8.16E-05
  5.100E+00 7.67775E-23  0.000E+00 ( 8.749E-12,-3.266E-13) ( 3.423E-13,-1.278E-14)  9.78E-05
  5.200E+00 7.10393E-23  0.000E+00 ( 8.416E-12,-3.118E-13) ( 3.357E-13,-1.244E-14)  8.87E-05
  5.300E+00 6.58271E-23  0.000E+00 ( 8.101E-12,-2.979E-13) ( 3.294E-13,-1.211E-14)  5.78E-05
  5.400E+00 6.10844E-23  0.000E+00 ( 7.804E-12,-2.848E-13) ( 3.233E-13,-1.180E-14)  1.42E-05
  5.500E+00 5.67610E-23  0.000E+00 ( 7.522E-12,-2.725E-13) ( 3.174E-13,-1.150E-14)  3.54E-05
  5.600E+00 5.28135E-23  0.000E+00 ( 7.256E-12,-2.609E-13) ( 3.117E-13,-1.121E-14)  6.50E-05
  5.700E+00 4.92032E-23  0.000E+00 ( 7.003E-12,-2.500E-13) ( 3.063E-13,-1.094E-14)  7.45E-05
  5.800E+00 4.58962E-23  0.000E+00 ( 6.764E-12,-2.398E-13) ( 3.010E-13,-1.067E-14)  6.58E-05
  5.900E+00 4.28624E-23  0.000E+00 ( 6.536E-12,-2.301E-13) ( 2.959E-13,-1.042E-14)  4.05E-05
  6.000E+00 4.00750E-23  0.000E+00 ( 6.320E-12,-2.209E-13) ( 2.909E-13,-1.017E-14)  6.44E-06
  6.100E+00 3.75107E-23  0.000E+00 ( 6.114E-12,-2.122E-13) ( 2.862E-13,-9.935E-15)  3.17E-05
  6.200E+00 3.51481E-23  0.000E+00 ( 5.918E-12,-2.040E-13) ( 2.816E-13,-9.708E-15)  5.29E-05
  6.300E+00 3.29686E-23  0.000E+00 ( 5.732E-12,-1.962E-13) ( 2.771E-13,-9.489E-15)  5.81E-05
  6.400E+00 3.09555E-23  0.000E+00 ( 5.554E-12,-1.889E-13) ( 2.727E-13,-9.278E-15)  4.98E-05
  6.500E+00 2.90936E-23  0.000E+00 ( 5.384E-12,-1.819E-13) ( 2.685E-13,-9.075E-15)  2.88E-05
  6.600E+00 2.73697E-23  0.000E+00 ( 5.222E-12,-1.752E-13) ( 2.645E-13,-8.878E-15)  3.52E-06
  6.700E+00 2.57715E-23  0.000E+00 ( 5.067E-12,-1.689E-13) ( 2.605E-13,-8.688E-15)  2.83E-05
  6.800E+00 2.42883E-23  0.000E+00 ( 4.919E-12,-1.629E-13) ( 2.567E-13,-8.505E-15)  4.37E-05
  6.900E+00 2.29102E-23  0.000E+00 ( 4.777E-12,-1.572E-13) ( 2.530E-13,-8.328E-15)  4.63E-05
  7.000E+00 2.16285E-23  0.000E+00 ( 4.641E-12,-1.518E-13) ( 2.493E-13,-8.156E-15)  3.83E-05
  7.100E+00 2.04351E-23  0.000E+00 ( 4.511E-12,-1.466E-13) ( 2.458E-13,-7.990E-15)  2.05E-05
  7.200E+00 1.93229E-23  0.000E+00 ( 4.387E-12,-1.416E-13) ( 2.424E-13,-7.830E-15)  6.05E-06
  7.300E+00 1.82854E-23  0.000E+00 ( 4.267E-12,-1.369E-13) ( 2.391E-13,-7.674E-15)  2.54E-05
  7.400E+00 1.73165E-23  0.000E+00 ( 4.153E-12,-1.324E-13) ( 2.358E-13,-7.524E-15)  3.65E-05
  7.500E+00 1.64110E-23  0.000E+00 ( 4.042E-12,-1.281E-13) ( 2.327E-13,-7.378E-15)  3.75E-05
  7.600E+00 1.55638E-23  0.000E+00 ( 3.936E-12,-1.240E-13) ( 2.296E-13,-7.237E-15)  2.99E-05
  7.700E+00 1.47706E-23  0.000E+00 ( 3.835E-12,-1.201E-13) ( 2.266E-13,-7.099E-15)  1.46E-05
  7.800E+00 1.40273E-23  0.000E+00 ( 3.737E-12,-1.163E-13) ( 2.237E-13,-6.966E-15)  7.57E-06
  7.900E+00 1.33302E-23  0.000E+00 ( 3.643E-12,-1.127E-13) ( 2.209E-13,-6.837E-15)  2.28E-05
  8.000E+00 1.26758E-23  0.000E+00 ( 3.552E-12,-1.092E-13) ( 2.181E-13,-6.711E-15)  3.08E-05
  8.100E+00 1.20610E-23  0.000E+00 ( 3.465E-12,-1.059E-13) ( 2.154E-13,-6.590E-15)  3.07E-05
  8.200E+00 1.14831E-23  0.000E+00 ( 3.380E-12,-1.028E-13) ( 2.128E-13,-6.471E-15)  2.35E-05
  8.300E+00 1.09394E-23  0.000E+00 ( 3.299E-12,-9.970E-14) ( 2.102E-13,-6.356E-15)  1.02E-05
  8.400E+00 1.04274E-23  0.000E+00 ( 3.221E-12,-9.678E-14) ( 2.077E-13,-6.244E-15)  8.42E-06
  8.500E+00 9.94508E-24  0.000E+00 ( 3.145E-12,-9.397E-14) ( 2.053E-13,-6.135E-15)  2.05E-05
  8.600E+00 9.49028E-24  0.000E+00 ( 3.073E-12,-9.127E-14) ( 2.029E-13,-6.029E-15)  2.62E-05
  8.700E+00 9.06119E-24  0.000E+00 ( 3.002E-12,-8.867E-14) ( 2.005E-13,-5.926E-15)  2.54E-05
  8.800E+00 8.65606E-24  0.000E+00 ( 2.934E-12,-8.618E-14) ( 1.983E-13,-5.826E-15)  1.85E-05
  8.900E+00 8.27331E-24  0.000E+00 ( 2.868E-12,-8.377E-14) ( 1.960E-13,-5.728E-15)  6.98E-06
  9.000E+00 7.91148E-24  0.000E+00 ( 2.805E-12,-8.146E-14) ( 1.938E-13,-5.633E-15)  8.85E-06
  9.100E+00 7.56920E-24  0.000E+00 ( 2.743E-12,-7.924E-14) ( 1.917E-13,-5.540E-15)  1.84E-05
  9.200E+00 7.24523E-24  0.000E+00 ( 2.684E-12,-7.709E-14) ( 1.896E-13,-5.450E-15)  2.24E-05
  9.300E+00 6.93840E-24  0.000E+00 ( 2.626E-12,-7.503E-14) ( 1.876E-13,-5.361E-15)  2.11E-05
  9.400E+00 6.64764E-24  0.000E+00 ( 2.571E-12,-7.304E-14) ( 1.856E-13,-5.276E-15)  1.47E-05
  9.500E+00 6.37194E-24  0.000E+00 ( 2.517E-12,-7.112E-14) ( 1.836E-13,-5.192E-15)  4.54E-06
  9.600E+00 6.11037E-24  0.000E+00 ( 2.464E-12,-6.926E-14) ( 1.817E-13,-5.110E-15)  8.98E-06
  9.700E+00 5.86209E-24  0.000E+00 ( 2.414E-12,-6.748E-14) ( 1.798E-13,-5.030E-15)  1.66E-05
  9.800E+00 5.62628E-24  0.000E+00 ( 2.364E-12,-6.575E-14) ( 1.780E-13,-4.952E-15)  1.93E-05
  9.900E+00 5.40221E-24  0.000E+00 ( 2.317E-12,-6.408E-14) ( 1.762E-13,-4.876E-15)  1.77E-05
  1.000E+01 5.18917E-24  0.000E+00 ( 2.270E-12,-6.247E-14) ( 1.744E-13,-4.802E-15)  1.16E-05
  1.025E+01 4.70075E-24  0.000E+00 ( 2.161E-12,-5.868E-14) ( 1.701E-13,-4.624E-15)  1.37E-05
  1.050E+01 4.26843E-24  0.000E+00 ( 2.059E-12,-5.519E-14) ( 1.661E-13,-4.455E-15)  1.49E-05
  1.075E+01 3.88465E-24  0.000E+00 ( 1.964E-12,-5.198E-14) ( 1.622E-13,-4.296E-15)  1.51E-05
  1.100E+01 3.54303E-24  0.000E+00 ( 1.875E-12,-4.901E-14) ( 1.585E-13,-4.146E-15)  1.45E-05
  1.125E+01 3.23813E-24  0.000E+00 ( 1.792E-12,-4.627E-14) ( 1.549E-13,-4.003E-15)  1.36E-05
  1.150E+01 2.96531E-24  0.000E+00 ( 1.715E-12,-4.372E-14) ( 1.516E-13,-3.868E-15)  1.22E-05
  1.175E+01 2.72060E-24  0.000E+00 ( 1.642E-12,-4.136E-14) ( 1.483E-13,-3.739E-15)  1.03E-05
  1.200E+01 2.50061E-24  0.000E+00 ( 1.574E-12,-3.917E-14) ( 1.452E-13,-3.617E-15)  8.14E-06
  1.225E+01 2.30239E-24  0.000E+00 ( 1.510E-12,-3.713E-14) ( 1.422E-13,-3.501E-15)  5.73E-06
  1.250E+01 2.12341E-24  0.000E+00 ( 1.450E-12,-3.523E-14) ( 1.394E-13,-3.390E-15)  3.26E-06
  1.275E+01 1.96148E-24  0.000E+00 ( 1.393E-12,-3.346E-14) ( 1.366E-13,-3.284E-15)  1.04E-06
  1.300E+01 1.81468E-24  0.000E+00 ( 1.340E-12,-3.181E-14) ( 1.340E-13,-3.183E-15)  3.17E-06
  1.325E+01 1.68134E-24  0.000E+00 ( 1.290E-12,-3.026E-14) ( 1.314E-13,-3.087E-15)  4.93E-06
  1.350E+01 1.56002E-24  0.000E+00 ( 1.242E-12,-2.881E-14) ( 1.290E-13,-2.995E-15)  6.28E-06
  1.375E+01 1.44943E-24  0.000E+00 ( 1.197E-12,-2.745E-14) ( 1.266E-13,-2.907E-15)  7.17E-06
  1.400E+01 1.34846E-24  0.000E+00 ( 1.154E-12,-2.617E-14) ( 1.243E-13,-2.823E-15)  7.62E-06
  1.425E+01 1.25612E-24  0.000E+00 ( 1.114E-12,-2.497E-14) ( 1.221E-13,-2.742E-15)  7.62E-06
  1.450E+01 1.17155E-24  0.000E+00 ( 1.075E-12,-2.385E-14) ( 1.200E-13,-2.665E-15)  7.29E-06
  1.475E+01 1.09396E-24  0.000E+00 ( 1.039E-12,-2.278E-14) ( 1.179E-13,-2.590E-15)  6.90E-06
  1.500E+01 1.02268E-24  0.000E+00 ( 1.004E-12,-2.178E-14) ( 1.160E-13,-2.519E-15)  6.18E-06
  1.525E+01 9.57110E-25  0.000E+00 ( 9.714E-13,-2.084E-14) ( 1.140E-13,-2.451E-15)  5.20E-06
  1.550E+01 8.96703E-25  0.000E+00 ( 9.401E-13,-1.995E-14) ( 1.122E-13,-2.385E-15)  4.04E-06
  1.575E+01 8.40979E-25  0.000E+00 ( 9.102E-13,-1.911E-14) ( 1.104E-13,-2.322E-15)  2.76E-06
  1.600E+01 7.89511E-25  0.000E+00 ( 8.817E-13,-1.831E-14) ( 1.086E-13,-2.261E-15)  1.43E-06
  1.625E+01 7.41915E-25  0.000E+00 ( 8.545E-13,-1.756E-14) ( 1.069E-13,-2.202E-15)  1.20E-06
  1.650E+01 6.97846E-25  0.000E+00 ( 8.285E-13,-1.685E-14) ( 1.053E-13,-2.146E-15)  2.33E-06
  1.675E+01 6.56996E-25  0.000E+00 ( 8.037E-13,-1.617E-14) ( 1.037E-13,-2.091E-15)  3.25E-06
  1.700E+01 6.19086E-25  0.000E+00 ( 7.800E-13,-1.553E-14) ( 1.022E-13,-2.039E-15)  3.94E-06
  1.725E+01 5.83867E-25  0.000E+00 ( 7.573E-13,-1.492E-14) ( 1.007E-13,-1.988E-15)  4.37E-06
  1.750E+01 5.51113E-25  0.000E+00 ( 7.356E-13,-1.434E-14) ( 9.921E-14,-1.939E-15)  4.54E-06
  1.775E+01 5.20619E-25  0.000E+00 ( 7.147E-13,-1.380E-14) ( 9.780E-14,-1.892E-15)  4.47E-06
  1.800E+01 4.92201E-25  0.000E+00 ( 6.948E-13,-1.327E-14) ( 9.642E-14,-1.846E-15)  4.31E-06
  1.825E+01 4.65692E-25  0.000E+00 ( 6.756E-13,-1.278E-14) ( 9.508E-14,-1.802E-15)  4.05E-06
  1.850E+01 4.40939E-25  0.000E+00 ( 6.573E-13,-1.230E-14) ( 9.377E-14,-1.760E-15)  3.61E-06
  1.875E+01 4.17807E-25  0.000E+00 ( 6.396E-13,-1.185E-14) ( 9.250E-14,-1.719E-15)  3.01E-06
  1.900E+01 3.96168E-25  0.000E+00 ( 6.227E-13,-1.142E-14) ( 9.126E-14,-1.679E-15)  2.29E-06
  1.925E+01 3.75909E-25  0.000E+00 ( 6.064E-13,-1.101E-14) ( 9.006E-14,-1.640E-15)  1.50E-06
  1.950E+01 3.56925E-25  0.000E+00 ( 5.907E-13,-1.062E-14) ( 8.888E-14,-1.603E-15)  6.86E-07
  1.975E+01 3.39122E-25  0.000E+00 ( 5.756E-13,-1.025E-14) ( 8.774E-14,-1.566E-15)  1.12E-06
  2.000E+01 3.22412E-25  0.000E+00 ( 5.611E-13,-9.888E-15) ( 8.662E-14,-1.531E-15)  1.79E-06
  2.025E+01 3.06717E-25  0.000E+00 ( 5.471E-13,-9.546E-15) ( 8.553E-14,-1.497E-15)  2.33E-06
  2.050E+01 2.91962E-25  0.000E+00 ( 5.336E-13,-9.219E-15) ( 8.447E-14,-1.464E-15)  2.71E-06
  2.075E+01 2.78081E-25  0.000E+00 ( 5.206E-13,-8.907E-15) ( 8.343E-14,-1.432E-15)  2.93E-06
  2.100E+01 2.65014E-25  0.000E+00 ( 5.081E-13,-8.607E-15) ( 8.242E-14,-1.401E-15)  2.98E-06
  2.125E+01 2.52702E-25  0.000E+00 ( 4.960E-13,-8.321E-15) ( 8.143E-14,-1.371E-15)  2.87E-06
  2.150E+01 2.41096E-25  0.000E+00 ( 4.843E-13,-8.046E-15) ( 8.046E-14,-1.342E-15)  2.81E-06
  2.175E+01 2.30146E-25  0.000E+00 ( 4.730E-13,-7.782E-15) ( 7.951E-14,-1.313E-15)  2.63E-06
  2.200E+01 2.19808E-25  0.000E+00 ( 4.621E-13,-7.530E-15) ( 7.859E-14,-1.286E-15)  2.32E-06
  2.225E+01 2.10043E-25  0.000E+00 ( 4.516E-13,-7.287E-15) ( 7.769E-14,-1.259E-15)  1.91E-06
  2.250E+01 2.00813E-25  0.000E+00 ( 4.414E-13,-7.055E-15) ( 7.680E-14,-1.233E-15)  1.42E-06
  2.275E+01 1.92082E-25  0.000E+00 ( 4.316E-13,-6.831E-15) ( 7.594E-14,-1.207E-15)  8.84E-07
  2.300E+01 1.83819E-25  0.000E+00 ( 4.221E-13,-6.617E-15) ( 7.509E-14,-1.182E-15)  5.00E-07
  2.325E+01 1.75993E-25  0.000E+00 ( 4.128E-13,-6.410E-15) ( 7.426E-14,-1.158E-15)  1.01E-06
  2.350E+01 1.68579E-25  0.000E+00 ( 4.039E-13,-6.212E-15) ( 7.345E-14,-1.135E-15)  1.43E-06
  2.375E+01 1.61549E-25  0.000E+00 ( 3.953E-13,-6.021E-15) ( 7.266E-14,-1.112E-15)  1.77E-06
  2.400E+01 1.54881E-25  0.000E+00 ( 3.869E-13,-5.838E-15) ( 7.188E-14,-1.090E-15)  1.99E-06
  2.425E+01 1.48551E-25  0.000E+00 ( 3.788E-13,-5.661E-15) ( 7.112E-14,-1.068E-15)  2.10E-06
  2.450E+01 1.42541E-25  0.000E+00 ( 3.709E-13,-5.491E-15) ( 7.037E-14,-1.047E-15)  2.09E-06
  2.475E+01 1.36830E-25  0.000E+00 ( 3.632E-13,-5.327E-15) ( 6.964E-14,-1.027E-15)  2.02E-06
  2.500E+01 1.31401E-25  0.000E+00 ( 3.558E-13,-5.169E-15) ( 6.892E-14,-1.007E-15)  1.98E-06
  2.550E+01 1.21324E-25  0.000E+00 ( 3.417E-13,-4.871E-15) ( 6.753E-14,-9.682E-16)  1.60E-06
  2.600E+01 1.12191E-25  0.000E+00 ( 3.283E-13,-4.593E-15) ( 6.619E-14,-9.315E-16)  9.33E-07
  2.650E+01 1.03897E-25  0.000E+00 ( 3.157E-13,-4.334E-15) ( 6.490E-14,-8.966E-16)  5.52E-07
  2.700E+01 9.63522E-26  0.000E+00 ( 3.038E-13,-4.093E-15) ( 6.366E-14,-8.634E-16)  1.19E-06
  2.750E+01 8.94766E-26  0.000E+00 ( 2.925E-13,-3.869E-15) ( 6.246E-14,-8.317E-16)  1.53E-06
  2.800E+01 8.32005E-26  0.000E+00 ( 2.818E-13,-3.658E-15) ( 6.130E-14,-8.014E-16)  1.54E-06
  2.850E+01 7.74622E-26  0.000E+00 ( 2.717E-13,-3.462E-15) ( 6.018E-14,-7.725E-16)  1.47E-06
  2.900E+01 7.22074E-26  0.000E+00 ( 2.621E-13,-3.278E-15) ( 5.910E-14,-7.449E-16)  1.16E-06
  2.950E+01 6.73882E-26  0.000E+00 ( 2.530E-13,-3.106E-15) ( 5.806E-14,-7.185E-16)  6.37E-07
  3.000E+01 6.29621E-26  0.000E+00 ( 2.443E-13,-2.944E-15) ( 5.705E-14,-6.932E-16)  5.65E-07
  3.050E+01 5.88912E-26  0.000E+00 ( 2.361E-13,-2.792E-15) ( 5.607E-14,-6.691E-16)  1.02E-06
  3.100E+01 5.51419E-26  0.000E+00 ( 2.282E-13,-2.650E-15) ( 5.512E-14,-6.459E-16)  1.23E-06
  3.150E+01 5.16843E-26  0.000E+00 ( 2.208E-13,-2.516E-15) ( 5.420E-14,-6.237E-16)  1.18E-06
  3.200E+01 4.84916E-26  0.000E+00 ( 2.136E-13,-2.390E-15) ( 5.331E-14,-6.024E-16)  1.14E-06
  3.250E+01 4.55399E-26  0.000E+00 ( 2.068E-13,-2.271E-15) ( 5.245E-14,-5.819E-16)  8.69E-07
  3.300E+01 4.28078E-26  0.000E+00 ( 2.003E-13,-2.159E-15) ( 5.161E-14,-5.623E-16)  4.41E-07
  3.350E+01 4.02759E-26  0.000E+00 ( 1.941E-13,-2.053E-15) ( 5.080E-14,-5.434E-16)  5.64E-07
  3.400E+01 3.79269E-26  0.000E+00 ( 1.882E-13,-1.954E-15) ( 5.001E-14,-5.253E-16)  8.87E-07
  3.450E+01 3.57453E-26  0.000E+00 ( 1.825E-13,-1.859E-15) ( 4.924E-14,-5.079E-16)  1.01E-06
  3.500E+01 3.37170E-26  0.000E+00 ( 1.771E-13,-1.771E-15) ( 4.850E-14,-4.911E-16)  9.73E-07
  3.550E+01 3.18293E-26  0.000E+00 ( 1.719E-13,-1.686E-15) ( 4.777E-14,-4.750E-16)  9.10E-07
  3.600E+01 3.00706E-26  0.000E+00 ( 1.669E-13,-1.607E-15) ( 4.706E-14,-4.595E-16)  6.67E-07
  3.650E+01 2.84306E-26  0.000E+00 ( 1.621E-13,-1.531E-15) ( 4.637E-14,-4.445E-16)  3.00E-07
  3.700E+01 2.68997E-26  0.000E+00 ( 1.575E-13,-1.460E-15) ( 4.570E-14,-4.301E-16)  5.57E-07
  3.750E+01 2.54695E-26  0.000E+00 ( 1.531E-13,-1.392E-15) ( 4.505E-14,-4.162E-16)  7.86E-07
  3.800E+01 2.41321E-26  0.000E+00 ( 1.489E-13,-1.328E-15) ( 4.441E-14,-4.028E-16)  8.40E-07
  3.850E+01 2.28804E-26  0.000E+00 ( 1.448E-13,-1.267E-15) ( 4.379E-14,-3.899E-16)  8.22E-07
  3.900E+01 2.17079E-26  0.000E+00 ( 1.409E-13,-1.209E-15) ( 4.319E-14,-3.774E-16)  7.42E-07
  3.950E+01 2.06087E-26  0.000E+00 ( 1.371E-13,-1.154E-15) ( 4.260E-14,-3.654E-16)  5.15E-07
  4.000E+01 1.95774E-26  0.000E+00 ( 1.335E-13,-1.102E-15) ( 4.202E-14,-3.538E-16)  2.62E-07
  4.050E+01 1.86090E-26  0.000E+00 ( 1.300E-13,-1.053E-15) ( 4.146E-14,-3.425E-16)  5.46E-07
  4.100E+01 1.76990E-26  0.000E+00 ( 1.266E-13,-1.005E-15) ( 4.091E-14,-3.317E-16)  7.03E-07
  4.150E+01 1.68432E-26  0.000E+00 ( 1.233E-13,-9.605E-16) ( 4.037E-14,-3.212E-16)  7.04E-07
  4.200E+01 1.60378E-26  0.000E+00 ( 1.202E-13,-9.177E-16) ( 3.985E-14,-3.110E-16)  7.05E-07
  4.250E+01 1.52794E-26  0.000E+00 ( 1.172E-13,-8.770E-16) ( 3.934E-14,-3.012E-16)  6.11E-07
  4.300E+01 1.45646E-26  0.000E+00 ( 1.143E-13,-8.382E-16) ( 3.883E-14,-2.917E-16)  3.95E-07
  4.350E+01 1.38905E-26  0.000E+00 ( 1.114E-13,-8.011E-16) ( 3.834E-14,-2.826E-16)  3.12E-07
  4.400E+01 1.32544E-26  0.000E+00 ( 1.087E-13,-7.659E-16) ( 3.786E-14,-2.737E-16)  5.31E-07
  4.450E+01 1.26538E-26  0.000E+00 ( 1.061E-13,-7.322E-16) ( 3.739E-14,-2.651E-16)  6.28E-07
  4.500E+01 1.20862E-26  0.000E+00 ( 1.035E-13,-7.001E-16) ( 3.693E-14,-2.567E-16)  5.90E-07
  4.550E+01 1.15496E-26  0.000E+00 ( 1.011E-13,-6.694E-16) ( 3.648E-14,-2.486E-16)  6.10E-07
  4.600E+01 1.10420E-26  0.000E+00 ( 9.870E-14,-6.401E-16) ( 3.604E-14,-2.408E-16)  5.03E-07
  4.650E+01 1.05615E-26  0.000E+00 ( 9.640E-14,-6.121E-16) ( 3.561E-14,-2.332E-16)  2.96E-07
  4.700E+01 1.01063E-26  0.000E+00 ( 9.417E-14,-5.854E-16) ( 3.519E-14,-2.259E-16)  3.47E-07
  4.750E+01 9.67501E-27  0.000E+00 ( 9.201E-14,-5.599E-16) ( 3.477E-14,-2.187E-16)  5.09E-07
  4.800E+01 9.26603E-27  0.000E+00 ( 8.991E-14,-5.354E-16) ( 3.437E-14,-2.118E-16)  5.56E-07
  4.850E+01 8.87803E-27  0.000E+00 ( 8.789E-14,-5.121E-16) ( 3.397E-14,-2.051E-16)  5.37E-07
  4.900E+01 8.50974E-27  0.000E+00 ( 8.592E-14,-4.897E-16) ( 3.358E-14,-1.986E-16)  5.28E-07
  4.950E+01 8.15997E-27  0.000E+00 ( 8.401E-14,-4.683E-16) ( 3.319E-14,-1.923E-16)  4.10E-07
  5.000E+01 7.82761E-27  0.000E+00 ( 8.216E-14,-4.478E-16) ( 3.282E-14,-1.862E-16)  2.10E-07
  5.050E+01 7.51165E-27  0.000E+00 ( 8.037E-14,-4.282E-16) ( 3.245E-14,-1.802E-16)  3.67E-07
  5.100E+01 7.21114E-27  0.000E+00 ( 7.862E-14,-4.095E-16) ( 3.208E-14,-1.745E-16)  4.80E-07
  5.150E+01 6.92517E-27  0.000E+00 ( 7.693E-14,-3.915E-16) ( 3.173E-14,-1.689E-16)  4.85E-07
  5.200E+01 6.65292E-27  0.000E+00 ( 7.529E-14,-3.743E-16) ( 3.138E-14,-1.634E-16)  4.87E-07
  5.250E+01 6.39361E-27  0.000E+00 ( 7.369E-14,-3.578E-16) ( 3.103E-14,-1.581E-16)  4.54E-07
  5.300E+01 6.14651E-27  0.000E+00 ( 7.214E-14,-3.419E-16) ( 3.070E-14,-1.530E-16)  3.28E-07
  5.350E+01 5.91095E-27  0.000E+00 ( 7.063E-14,-3.268E-16) ( 3.036E-14,-1.480E-16)  2.20E-07
  5.400E+01 5.68629E-27  0.000E+00 ( 6.917E-14,-3.122E-16) ( 3.004E-14,-1.431E-16)  3.74E-07
  5.450E+01 5.47193E-27  0.000E+00 ( 6.774E-14,-2.982E-16) ( 2.972E-14,-1.384E-16)  4.43E-07
  5.500E+01 5.26731E-27  0.000E+00 ( 6.635E-14,-2.849E-16) ( 2.940E-14,-1.338E-16)  4.14E-07
  5.550E+01 5.07191E-27  0.000E+00 ( 6.500E-14,-2.720E-16) ( 2.909E-14,-1.294E-16)  4.38E-07
  5.600E+01 4.88525E-27  0.000E+00 ( 6.369E-14,-2.597E-16) ( 2.879E-14,-1.250E-16)  3.85E-07
  5.650E+01 4.70686E-27  0.000E+00 ( 6.241E-14,-2.478E-16) ( 2.849E-14,-1.208E-16)  2.54E-07
  5.700E+01 4.53630E-27  0.000E+00 ( 6.117E-14,-2.365E-16) ( 2.819E-14,-1.167E-16)  2.55E-07
  5.750E+01 4.37318E-27  0.000E+00 ( 5.996E-14,-2.256E-16) ( 2.790E-14,-1.127E-16)  3.68E-07
  5.800E+01 4.21711E-27  0.000E+00 ( 5.877E-14,-2.151E-16) ( 2.761E-14,-1.088E-16)  3.98E-07
  5.850E+01 4.06772E-27  0.000E+00 ( 5.762E-14,-2.050E-16) ( 2.733E-14,-1.050E-16)  3.74E-07
  5.900E+01 3.92469E-27  0.000E+00 ( 5.650E-14,-1.954E-16) ( 2.706E-14,-1.014E-16)  3.88E-07
  5.950E+01 3.78769E-27  0.000E+00 ( 5.541E-14,-1.861E-16) ( 2.678E-14,-9.780E-17)  3.21E-07
  6.000E+01 3.65642E-27  0.000E+00 ( 5.434E-14,-1.772E-16) ( 2.651E-14,-9.432E-17)  1.87E-07
  6.050E+01 3.53060E-27  0.000E+00 ( 5.331E-14,-1.686E-16) ( 2.625E-14,-9.093E-17)  2.74E-07
  6.100E+01 3.40996E-27  0.000E+00 ( 5.229E-14,-1.604E-16) ( 2.599E-14,-8.763E-17)  3.50E-07
  6.150E+01 3.29425E-27  0.000E+00 ( 5.130E-14,-1.524E-16) ( 2.573E-14,-8.442E-17)  3.48E-07
  6.200E+01 3.18324E-27  0.000E+00 ( 5.034E-14,-1.448E-16) ( 2.548E-14,-8.129E-17)  3.46E-07
  6.250E+01 3.07670E-27  0.000E+00 ( 4.940E-14,-1.375E-16) ( 2.523E-14,-7.825E-17)  3.39E-07
  6.300E+01 2.97441E-27  0.000E+00 ( 4.848E-14,-1.305E-16) ( 2.498E-14,-7.528E-17)  2.60E-07
  6.350E+01 2.87618E-27  0.000E+00 ( 4.758E-14,-1.237E-16) ( 2.474E-14,-7.240E-17)  1.71E-07
  6.400E+01 2.78181E-27  0.000E+00 ( 4.671E-14,-1.172E-16) ( 2.450E-14,-6.959E-17)  2.78E-07
  6.450E+01 2.69114E-27  0.000E+00 ( 4.585E-14,-1.110E-16) ( 2.427E-14,-6.685E-17)  3.21E-07
  6.500E+01 2.60398E-27  0.000E+00 ( 4.502E-14,-1.050E-16) ( 2.403E-14,-6.418E-17)  2.94E-07
  6.550E+01 2.52017E-27  0.000E+00 ( 4.420E-14,-9.918E-17) ( 2.380E-14,-6.159E-17)  3.14E-07
  6.600E+01 2.43957E-27  0.000E+00 ( 4.340E-14,-9.362E-17) ( 2.358E-14,-5.906E-17)  2.89E-07
  6.650E+01 2.36203E-27  0.000E+00 ( 4.262E-14,-8.827E-17) ( 2.335E-14,-5.659E-17)  2.04E-07
  6.700E+01 2.28740E-27  0.000E+00 ( 4.186E-14,-8.313E-17) ( 2.313E-14,-5.419E-17)  1.92E-07
  6.750E+01 2.21558E-27  0.000E+00 ( 4.112E-14,-7.818E-17) ( 2.292E-14,-5.185E-17)  2.69E-07
  6.800E+01 2.14643E-27  0.000E+00 ( 4.039E-14,-7.342E-17) ( 2.270E-14,-4.957E-17)  2.85E-07
  6.850E+01 2.07982E-27  0.000E+00 ( 3.967E-14,-6.884E-17) ( 2.249E-14,-4.735E-17)  2.56E-07
  6.900E+01 2.01566E-27  0.000E+00 ( 3.898E-14,-6.444E-17) ( 2.228E-14,-4.519E-17)  2.78E-07
  6.950E+01 1.95384E-27  0.000E+00 ( 3.830E-14,-6.020E-17) ( 2.207E-14,-4.308E-17)  2.41E-07
  7.000E+01 1.89425E-27  0.000E+00 ( 3.763E-14,-5.613E-17) ( 2.187E-14,-4.102E-17)  1.55E-07
  7.050E+01 1.83681E-27  0.000E+00 ( 3.698E-14,-5.221E-17) ( 2.167E-14,-3.903E-17)  1.99E-07
  7.100E+01 1.78142E-27  0.000E+00 ( 3.634E-14,-4.844E-17) ( 2.147E-14,-3.708E-17)  2.49E-07
  7.150E+01 1.72798E-27  0.000E+00 ( 3.571E-14,-4.481E-17) ( 2.127E-14,-3.518E-17)  2.43E-07
  7.200E+01 1.67644E-27  0.000E+00 ( 3.510E-14,-4.132E-17) ( 2.108E-14,-3.333E-17)  2.35E-07
  7.250E+01 1.62669E-27  0.000E+00 ( 3.450E-14,-3.796E-17) ( 2.089E-14,-3.152E-17)  2.41E-07
  7.300E+01 1.57868E-27  0.000E+00 ( 3.392E-14,-3.473E-17) ( 2.070E-14,-2.976E-17)  1.97E-07
  7.350E+01 1.53233E-27  0.000E+00 ( 3.334E-14,-3.163E-17) ( 2.051E-14,-2.805E-17)  1.22E-07
  7.400E+01 1.48757E-27  0.000E+00 ( 3.278E-14,-2.865E-17) ( 2.032E-14,-2.638E-17)  1.94E-07
  7.450E+01 1.44434E-27  0.000E+00 ( 3.223E-14,-2.578E-17) ( 2.014E-14,-2.476E-17)  2.22E-07
  7.500E+01 1.40257E-27  0.000E+00 ( 3.169E-14,-2.301E-17) ( 1.996E-14,-2.317E-17)  2.01E-07
  7.550E+01 1.36221E-27  0.000E+00 ( 3.116E-14,-2.036E-17) ( 1.978E-14,-2.163E-17)  2.09E-07
  7.600E+01 1.32321E-27  0.000E+00 ( 3.064E-14,-1.781E-17) ( 1.960E-14,-2.013E-17)  2.04E-07
  7.650E+01 1.28550E-27  0.000E+00 ( 3.013E-14,-1.536E-17) ( 1.943E-14,-1.866E-17)  1.58E-07
  7.700E+01 1.24904E-27  0.000E+00 ( 2.964E-14,-1.300E-17) ( 1.925E-14,-1.723E-17)  1.27E-07
  7.750E+01 1.21379E-27  0.000E+00 ( 2.915E-14,-1.074E-17) ( 1.908E-14,-1.584E-17)  1.79E-07
  7.800E+01 1.17968E-27  0.000E+00 ( 2.867E-14,-8.559E-18) ( 1.891E-14,-1.449E-17)  1.91E-07
  7.850E+01 1.14668E-27  0.000E+00 ( 2.820E-14,-6.469E-18) ( 1.875E-14,-1.317E-17)  1.63E-07
  7.900E+01 1.11475E-27  0.000E+00 ( 2.774E-14,-4.458E-18) ( 1.858E-14,-1.188E-17)  1.80E-07
  7.950E+01 1.08385E-27  0.000E+00 ( 2.729E-14,-2.532E-18) ( 1.842E-14,-1.062E-17)  1.70E-07
  8.000E+01 1.05394E-27  0.000E+00 ( 2.685E-14,-6.760E-19) ( 1.825E-14,-9.409E-18)  1.26E-07
  8.050E+01 1.02497E-27  0.000E+00 ( 2.641E-14, 1.104E-18) ( 1.809E-14,-8.218E-18)  1.21E-07
  8.100E+01 9.96928E-28 -4.693E-04 ( 2.599E-14, 2.809E-18) ( 1.793E-14,-7.064E-18)  1.58E-07
  8.150E+01 9.69759E-28 -4.762E-04 ( 2.557E-14, 4.451E-18) ( 1.778E-14,-5.935E-18)  1.61E-07
  8.200E+01 9.43442E-28 -4.831E-04 ( 2.516E-14, 6.022E-18) ( 1.762E-14,-4.840E-18)  1.32E-07
  8.250E+01 9.17941E-28 -4.900E-04 ( 2.476E-14, 7.532E-18) ( 1.747E-14,-3.771E-18)  1.52E-07
  8.300E+01 8.93232E-28 -4.968E-04 ( 2.436E-14, 8.973E-18) ( 1.731E-14,-2.731E-18)  1.41E-07
  8.350E+01 8.69279E-28 -5.040E-04 ( 2.397E-14, 1.036E-17) ( 1.716E-14,-1.720E-18)  1.04E-07
  8.400E+01 8.46060E-28 -5.111E-04 ( 2.359E-14, 1.169E-17) ( 1.701E-14,-7.354E-19)  1.08E-07
  8.450E+01 8.23545E-28 -5.184E-04 ( 2.322E-14, 1.296E-17) ( 1.686E-14, 2.229E-19)  1.35E-07
  8.500E+01 8.01714E-28 -5.256E-04 ( 2.285E-14, 1.418E-17) ( 1.672E-14, 1.154E-18)  1.35E-07
  8.550E+01 7.80538E-28 -5.330E-04 ( 2.249E-14, 1.535E-17) ( 1.657E-14, 2.061E-18)  1.09E-07
  8.600E+01 7.59997E-28 -5.404E-04 ( 2.214E-14, 1.647E-17) ( 1.643E-14, 2.941E-18)  1.27E-07
  8.650E+01 7.40066E-28 -5.482E-04 ( 2.179E-14, 1.754E-17) ( 1.628E-14, 3.797E-18)  1.20E-07
  8.700E+01 7.20725E-28 -5.553E-04 ( 2.145E-14, 1.856E-17) ( 1.614E-14, 4.638E-18)  1.00E-07
  8.750E+01 7.01955E-28 -5.632E-04 ( 2.112E-14, 1.954E-17) ( 1.600E-14, 5.447E-18)  1.00E-07
  8.800E+01 6.83736E-28 -5.708E-04 ( 2.079E-14, 2.047E-17) ( 1.586E-14, 6.235E-18)  1.16E-07
  8.850E+01 6.66048E-28 -5.787E-04 ( 2.046E-14, 2.137E-17) ( 1.572E-14, 7.001E-18)  1.19E-07
  8.900E+01 6.48871E-28 -5.866E-04 ( 2.015E-14, 2.222E-17) ( 1.559E-14, 7.747E-18)  1.00E-07
  8.950E+01 6.32194E-28 -5.943E-04 ( 1.983E-14, 2.303E-17) ( 1.545E-14, 8.471E-18)  1.08E-07
  9.000E+01 6.15995E-28 -6.022E-04 ( 1.953E-14, 2.380E-17) ( 1.532E-14, 9.174E-18)  1.10E-07
  9.050E+01 6.00259E-28 -6.106E-04 ( 1.923E-14, 2.454E-17) ( 1.519E-14, 9.855E-18)  1.00E-07
  9.100E+01 5.84970E-28 -6.188E-04 ( 1.893E-14, 2.525E-17) ( 1.505E-14, 1.052E-17)  1.00E-07
  9.150E+01 5.70116E-28 -6.268E-04 ( 1.864E-14, 2.591E-17) ( 1.492E-14, 1.116E-17)  1.04E-07
  9.200E+01 5.55679E-28 -6.353E-04 ( 1.835E-14, 2.655E-17) ( 1.479E-14, 1.178E-17)  1.14E-07
  9.250E+01 5.41648E-28 -6.437E-04 ( 1.807E-14, 2.715E-17) ( 1.467E-14, 1.239E-17)  1.03E-07
  9.300E+01 5.28009E-28 -6.523E-04 ( 1.779E-14, 2.773E-17) ( 1.454E-14, 1.297E-17)  1.00E-07
  9.350E+01 5.14747E-28 -6.608E-04 ( 1.752E-14, 2.827E-17) ( 1.441E-14, 1.355E-17)  1.11E-07
  9.400E+01 5.01852E-28 -6.694E-04 ( 1.726E-14, 2.879E-17) ( 1.429E-14, 1.410E-17)  1.05E-07
  9.450E+01 4.89314E-28 -6.779E-04 ( 1.699E-14, 2.927E-17) ( 1.416E-14, 1.464E-17)  1.00E-07
  9.500E+01 4.77118E-28 -6.869E-04 ( 1.673E-14, 2.974E-17) ( 1.404E-14, 1.515E-17)  1.04E-07
  9.550E+01 4.65256E-28 -6.955E-04 ( 1.648E-14, 3.017E-17) ( 1.392E-14, 1.566E-17)  1.23E-07
  9.600E+01 4.53715E-28 -7.048E-04 ( 1.623E-14, 3.058E-17) ( 1.379E-14, 1.614E-17)  1.19E-07
  9.650E+01 4.42486E-28 -7.136E-04 ( 1.598E-14, 3.097E-17) ( 1.367E-14, 1.661E-17)  1.00E-07
  9.700E+01 4.31561E-28 -7.225E-04 ( 1.574E-14, 3.133E-17) ( 1.355E-14, 1.707E-17)  1.26E-07
  9.750E+01 4.20929E-28 -7.322E-04 ( 1.551E-14, 3.167E-17) ( 1.344E-14, 1.750E-17)  1.29E-07
  9.800E+01 4.10578E-28 -7.414E-04 ( 1.527E-14, 3.199E-17) ( 1.332E-14, 1.793E-17)  1.08E-07
  9.850E+01 4.00505E-28 -7.509E-04 ( 1.504E-14, 3.229E-17) ( 1.320E-14, 1.834E-17)  1.18E-07
  9.900E+01 3.90696E-28 -7.603E-04 ( 1.481E-14, 3.257E-17) ( 1.309E-14, 1.874E-17)  1.46E-07
  9.950E+01 3.81146E-28 -7.702E-04 ( 1.459E-14, 3.283E-17) ( 1.297E-14, 1.912E-17)  1.46E-07
  1.000E+02 3.71847E-28 -7.797E-04 ( 1.437E-14, 3.306E-17) ( 1.286E-14, 1.949E-17)  1.16E-07
  1.005E+02 3.62791E-28 -7.896E-04 ( 1.416E-14, 3.329E-17) ( 1.274E-14, 1.984E-17)  1.54E-07
  1.010E+02 3.53970E-28 -7.992E-04 ( 1.394E-14, 3.349E-17) ( 1.263E-14, 2.019E-17)  1.63E-07
  1.015E+02 3.45378E-28 -8.091E-04 ( 1.374E-14, 3.367E-17) ( 1.252E-14, 2.052E-17)  1.39E-07
  1.020E+02 3.37009E-28 -8.187E-04 ( 1.353E-14, 3.384E-17) ( 1.241E-14, 2.084E-17)  1.48E-07
  1.025E+02 3.28855E-28 -8.293E-04 ( 1.333E-14, 3.400E-17) ( 1.230E-14, 2.113E-17)  1.82E-07
  1.030E+02 3.20907E-28 -8.396E-04 ( 1.313E-14, 3.414E-17) ( 1.219E-14, 2.143E-17)  1.79E-07
  1.035E+02 3.13163E-28 -8.498E-04 ( 1.293E-14, 3.426E-17) ( 1.208E-14, 2.171E-17)  1.48E-07
  1.040E+02 3.05616E-28 -8.601E-04 ( 1.274E-14, 3.437E-17) ( 1.197E-14, 2.198E-17)  1.95E-07
  1.045E+02 2.98261E-28 -8.710E-04 ( 1.255E-14, 3.447E-17) ( 1.186E-14, 2.223E-17)  2.03E-07
  1.050E+02 2.91089E-28 -8.818E-04 ( 1.236E-14, 3.456E-17) ( 1.176E-14, 2.248E-17)  1.69E-07
  1.055E+02 2.84098E-28 -8.928E-04 ( 1.218E-14, 3.463E-17) ( 1.165E-14, 2.271E-17)  1.95E-07
  1.060E+02 2.77282E-28 -9.037E-04 ( 1.200E-14, 3.469E-17) ( 1.155E-14, 2.294E-17)  2.28E-07
  1.065E+02 2.70636E-28 -9.147E-04 ( 1.182E-14, 3.474E-17) ( 1.144E-14, 2.315E-17)  2.13E-07
  1.070E+02 2.64154E-28 -9.257E-04 ( 1.165E-14, 3.478E-17) ( 1.134E-14, 2.336E-17)  1.95E-07
  1.075E+02 2.57834E-28 -9.370E-04 ( 1.147E-14, 3.480E-17) ( 1.123E-14, 2.355E-17)  2.46E-07
  1.080E+02 2.51669E-28 -9.489E-04 ( 1.130E-14, 3.482E-17) ( 1.113E-14, 2.373E-17)  2.47E-07
  1.085E+02 2.45655E-28 -9.599E-04 ( 1.113E-14, 3.482E-17) ( 1.103E-14, 2.390E-17)  1.93E-07
  1.090E+02 2.39789E-28 -9.716E-04 ( 1.097E-14, 3.482E-17) ( 1.093E-14, 2.407E-17)  2.54E-07
  1.095E+02 2.34066E-28 -9.831E-04 ( 1.081E-14, 3.480E-17) ( 1.083E-14, 2.422E-17)  2.79E-07
  1.100E+02 2.28481E-28 -9.956E-04 ( 1.065E-14, 3.478E-17) ( 1.073E-14, 2.436E-17)  2.41E-07
  1.105E+02 2.23032E-28 -1.008E-03 ( 1.049E-14, 3.475E-17) ( 1.063E-14, 2.450E-17)  2.58E-07
  1.110E+02 2.17714E-28 -1.020E-03 ( 1.034E-14, 3.471E-17) ( 1.053E-14, 2.463E-17)  3.06E-07
  1.115E+02 2.12525E-28 -1.032E-03 ( 1.018E-14, 3.466E-17) ( 1.043E-14, 2.474E-17)  2.89E-07
  1.120E+02 2.07459E-28 -1.044E-03 ( 1.003E-14, 3.461E-17) ( 1.034E-14, 2.486E-17)  2.51E-07
  1.125E+02 2.02516E-28 -1.057E-03 ( 9.884E-15, 3.454E-17) ( 1.024E-14, 2.495E-17)  3.24E-07
  1.130E+02 1.97689E-28 -1.069E-03 ( 9.738E-15, 3.447E-17) ( 1.014E-14, 2.505E-17)  3.27E-07
  1.135E+02 1.92977E-28 -1.082E-03 ( 9.594E-15, 3.440E-17) ( 1.005E-14, 2.513E-17)  2.56E-07
  1.140E+02 1.88376E-28 -1.095E-03 ( 9.453E-15, 3.432E-17) ( 9.951E-15, 2.521E-17)  3.33E-07
  1.145E+02 1.83885E-28 -1.108E-03 ( 9.314E-15, 3.423E-17) ( 9.856E-15, 2.528E-17)  3.68E-07
  1.150E+02 1.79498E-28 -1.122E-03 ( 9.176E-15, 3.413E-17) ( 9.762E-15, 2.534E-17)  3.23E-07
  1.155E+02 1.75215E-28 -1.135E-03 ( 9.041E-15, 3.403E-17) ( 9.668E-15, 2.540E-17)  3.40E-07
  1.160E+02 1.71032E-28 -1.148E-03 ( 8.908E-15, 3.393E-17) ( 9.575E-15, 2.544E-17)  3.96E-07
  1.165E+02 1.66947E-28 -1.162E-03 ( 8.777E-15, 3.381E-17) ( 9.482E-15, 2.548E-17)  3.65E-07
  1.170E+02 1.62957E-28 -1.176E-03 ( 8.648E-15, 3.370E-17) ( 9.390E-15, 2.551E-17)  3.20E-07
  1.175E+02 1.59059E-28 -1.190E-03 ( 8.521E-15, 3.358E-17) ( 9.298E-15, 2.554E-17)  4.19E-07
  1.180E+02 1.55251E-28 -1.204E-03 ( 8.395E-15, 3.345E-17) ( 9.207E-15, 2.555E-17)  4.29E-07
  1.185E+02 1.51532E-28 -1.219E-03 ( 8.272E-15, 3.332E-17) ( 9.116E-15, 2.556E-17)  3.42E-07
  1.190E+02 1.47897E-28 -1.234E-03 ( 8.150E-15, 3.319E-17) ( 9.026E-15, 2.557E-17)  4.39E-07
  1.195E+02 1.44346E-28 -1.248E-03 ( 8.030E-15, 3.306E-17) ( 8.936E-15, 2.557E-17)  4.64E-07
  1.200E+02 1.40877E-28 -1.263E-03 ( 7.912E-15, 3.291E-17) ( 8.847E-15, 2.556E-17)  3.83E-07
  1.205E+02 1.37487E-28 -1.279E-03 ( 7.796E-15, 3.277E-17) ( 8.758E-15, 2.554E-17)  4.27E-07
  1.210E+02 1.34174E-28 -1.293E-03 ( 7.682E-15, 3.262E-17) ( 8.670E-15, 2.552E-17)  5.09E-07
  1.215E+02 1.30936E-28 -1.309E-03 ( 7.569E-15, 3.247E-17) ( 8.582E-15, 2.549E-17)  4.79E-07
  1.220E+02 1.27771E-28 -1.325E-03 ( 7.458E-15, 3.232E-17) ( 8.494E-15, 2.546E-17)  4.44E-07
  1.225E+02 1.24678E-28 -1.340E-03 ( 7.349E-15, 3.216E-17) ( 8.407E-15, 2.543E-17)  5.40E-07
  1.230E+02 1.21655E-28 -1.356E-03 ( 7.241E-15, 3.200E-17) ( 8.320E-15, 2.538E-17)  5.16E-07
  1.235E+02 1.18701E-28 -1.373E-03 ( 7.135E-15, 3.184E-17) ( 8.234E-15, 2.533E-17)  3.84E-07
  1.240E+02 1.15812E-28 -1.389E-03 ( 7.030E-15, 3.168E-17) ( 8.148E-15, 2.527E-17)  5.49E-07
  1.245E+02 1.12988E-28 -1.406E-03 ( 6.927E-15, 3.151E-17) ( 8.062E-15, 2.521E-17)  5.96E-07
  1.250E+02 1.10228E-28 -1.422E-03 ( 6.826E-15, 3.134E-17) ( 7.977E-15, 2.515E-17)  5.11E-07
  1.255E+02 1.07530E-28 -1.440E-03 ( 6.726E-15, 3.118E-17) ( 7.892E-15, 2.507E-17)  5.81E-07
  1.260E+02 1.04890E-28 -1.456E-03 ( 6.628E-15, 3.100E-17) ( 7.808E-15, 2.500E-17)  6.34E-07
  1.265E+02 1.02312E-28 -1.474E-03 ( 6.531E-15, 3.083E-17) ( 7.724E-15, 2.491E-17)  5.43E-07
  1.270E+02 9.97890E-29 -1.492E-03 ( 6.435E-15, 3.066E-17) ( 7.640E-15, 2.483E-17)  5.34E-07
  1.275E+02 9.73231E-29 -1.510E-03 ( 6.342E-15, 3.048E-17) ( 7.557E-15, 2.474E-17)  6.77E-07
  1.280E+02 9.49114E-29 -1.528E-03 ( 6.249E-15, 3.030E-17) ( 7.474E-15, 2.464E-17)  6.73E-07
  1.285E+02 9.25536E-29 -1.547E-03 ( 6.158E-15, 3.013E-17) ( 7.391E-15, 2.454E-17)  5.74E-07
  1.290E+02 9.02473E-29 -1.566E-03 ( 6.068E-15, 2.995E-17) ( 7.309E-15, 2.443E-17)  7.21E-07
  1.295E+02 8.79927E-29 -1.585E-03 ( 5.980E-15, 2.977E-17) ( 7.227E-15, 2.432E-17)  7.09E-07
  1.300E+02 8.57868E-29 -1.604E-03 ( 5.893E-15, 2.959E-17) ( 7.146E-15, 2.420E-17)  5.32E-07
  1.305E+02 8.36304E-29 -1.623E-03 ( 5.807E-15, 2.941E-17) ( 7.064E-15, 2.408E-17)  7.04E-07
  1.310E+02 8.15207E-29 -1.644E-03 ( 5.723E-15, 2.923E-17) ( 6.984E-15, 2.396E-17)  8.05E-07
  1.315E+02 7.94584E-29 -1.663E-03 ( 5.640E-15, 2.904E-17) ( 6.903E-15, 2.383E-17)  7.26E-07
  1.320E+02 7.74407E-29 -1.683E-03 ( 5.558E-15, 2.886E-17) ( 6.823E-15, 2.370E-17)  7.62E-07
  1.325E+02 7.54680E-29 -1.704E-03 ( 5.477E-15, 2.868E-17) ( 6.743E-15, 2.357E-17)  8.53E-07
  1.330E+02 7.35381E-29 -1.724E-03 ( 5.398E-15, 2.849E-17) ( 6.663E-15, 2.343E-17)  7.52E-07
  1.335E+02 7.16505E-29 -1.747E-03 ( 5.320E-15, 2.832E-17) ( 6.584E-15, 2.328E-17)  6.63E-07
  1.340E+02 6.98052E-29 -1.768E-03 ( 5.243E-15, 2.813E-17) ( 6.505E-15, 2.313E-17)  8.88E-07
  1.345E+02 6.79989E-29 -1.789E-03 ( 5.168E-15, 2.795E-17) ( 6.426E-15, 2.298E-17)  9.20E-07
  1.350E+02 6.62334E-29 -1.812E-03 ( 5.093E-15, 2.777E-17) ( 6.348E-15, 2.283E-17)  7.43E-07
  1.355E+02 6.45059E-29 -1.834E-03 ( 5.020E-15, 2.759E-17) ( 6.269E-15, 2.267E-17)  9.56E-07
  1.360E+02 6.28168E-29 -1.856E-03 ( 4.948E-15, 2.740E-17) ( 6.191E-15, 2.251E-17)  9.64E-07
  1.365E+02 6.11651E-29 -1.878E-03 ( 4.877E-15, 2.722E-17) ( 6.114E-15, 2.234E-17)  7.48E-07
  1.370E+02 5.95498E-29 -1.903E-03 ( 4.807E-15, 2.704E-17) ( 6.036E-15, 2.217E-17)  9.03E-07
  1.375E+02 5.79698E-29 -1.927E-03 ( 4.739E-15, 2.686E-17) ( 5.959E-15, 2.200E-17)  1.08E-06
  1.380E+02 5.64236E-29 -1.951E-03 ( 4.671E-15, 2.669E-17) ( 5.882E-15, 2.182E-17)  1.01E-06
  1.385E+02 5.49124E-29 -1.975E-03 ( 4.605E-15, 2.650E-17) ( 5.806E-15, 2.164E-17)  9.97E-07
  1.390E+02 5.34339E-29 -2.000E-03 ( 4.539E-15, 2.633E-17) ( 5.730E-15, 2.146E-17)  1.15E-06
  1.395E+02 5.19888E-29 -2.025E-03 ( 4.475E-15, 2.615E-17) ( 5.653E-15, 2.127E-17)  1.04E-06
  1.400E+02 5.05752E-29 -2.050E-03 ( 4.412E-15, 2.597E-17) ( 5.578E-15, 2.108E-17)  8.31E-07
  1.405E+02 4.91929E-29 -2.076E-03 ( 4.350E-15, 2.580E-17) ( 5.502E-15, 2.089E-17)  1.17E-06
  1.410E+02 4.78410E-29 -2.103E-03 ( 4.288E-15, 2.563E-17) ( 5.427E-15, 2.070E-17)  1.25E-06
  1.415E+02 4.65185E-29 -2.129E-03 ( 4.228E-15, 2.545E-17) ( 5.352E-15, 2.051E-17)  1.05E-06
  1.420E+02 4.52276E-29 -2.155E-03 ( 4.169E-15, 2.527E-17) ( 5.277E-15, 2.030E-17)  1.27E-06
  1.425E+02 4.39636E-29 -2.184E-03 ( 4.111E-15, 2.511E-17) ( 5.202E-15, 2.009E-17)  1.32E-06
  1.430E+02 4.27279E-29 -2.211E-03 ( 4.054E-15, 2.494E-17) ( 5.127E-15, 1.989E-17)  1.06E-06
  1.435E+02 4.15210E-29 -2.239E-03 ( 3.998E-15, 2.477E-17) ( 5.053E-15, 1.968E-17)  1.18E-06
  1.440E+02 4.03403E-29 -2.269E-03 ( 3.943E-15, 2.461E-17) ( 4.979E-15, 1.947E-17)  1.45E-06
  1.445E+02 3.91863E-29 -2.296E-03 ( 3.889E-15, 2.444E-17) ( 4.905E-15, 1.926E-17)  1.40E-06
  1.450E+02 3.80590E-29 -2.326E-03 ( 3.836E-15, 2.427E-17) ( 4.832E-15, 1.904E-17)  1.31E-06
  1.455E+02 3.69571E-29 -2.355E-03 ( 3.783E-15, 2.411E-17) ( 4.758E-15, 1.882E-17)  1.56E-06
  1.460E+02 3.58791E-29 -2.387E-03 ( 3.732E-15, 2.395E-17) ( 4.685E-15, 1.860E-17)  1.45E-06
  1.465E+02 3.48270E-29 -2.416E-03 ( 3.682E-15, 2.379E-17) ( 4.612E-15, 1.838E-17)  1.08E-06
  1.470E+02 3.37989E-29 -2.446E-03 ( 3.632E-15, 2.363E-17) ( 4.539E-15, 1.815E-17)  1.57E-06
  1.475E+02 3.27946E-29 -2.478E-03 ( 3.584E-15, 2.347E-17) ( 4.467E-15, 1.792E-17)  1.72E-06
  1.480E+02 3.18132E-29 -2.510E-03 ( 3.536E-15, 2.332E-17) ( 4.394E-15, 1.769E-17)  1.48E-06
  1.485E+02 3.08548E-29 -2.542E-03 ( 3.489E-15, 2.316E-17) ( 4.322E-15, 1.745E-17)  1.72E-06
  1.490E+02 2.99189E-29 -2.576E-03 ( 3.443E-15, 2.302E-17) ( 4.250E-15, 1.722E-17)  1.83E-06
  1.495E+02 2.90049E-29 -2.609E-03 ( 3.398E-15, 2.287E-17) ( 4.178E-15, 1.698E-17)  1.53E-06
  1.500E+02 2.81122E-29 -2.642E-03 ( 3.354E-15, 2.272E-17) ( 4.106E-15, 1.674E-17)  1.59E-06
  1.505E+02 2.72417E-29 -2.675E-03 ( 3.311E-15, 2.257E-17) ( 4.035E-15, 1.650E-17)  1.99E-06
  1.510E+02 2.63916E-29 -2.712E-03 ( 3.269E-15, 2.243E-17) ( 3.963E-15, 1.625E-17)  1.95E-06
  1.515E+02 2.55618E-29 -2.745E-03 ( 3.227E-15, 2.229E-17) ( 3.892E-15, 1.601E-17)  1.75E-06
  1.520E+02 2.47522E-29 -2.780E-03 ( 3.186E-15, 2.215E-17) ( 3.821E-15, 1.576E-17)  2.15E-06
  1.525E+02 2.39627E-29 -2.814E-03 ( 3.146E-15, 2.201E-17) ( 3.750E-15, 1.552E-17)  2.09E-06
  1.530E+02 2.31928E-29 -2.852E-03 ( 3.107E-15, 2.188E-17) ( 3.679E-15, 1.526E-17)  1.54E-06
  1.535E+02 2.24412E-29 -2.886E-03 ( 3.069E-15, 2.175E-17) ( 3.608E-15, 1.502E-17)  2.19E-06
  1.540E+02 2.17092E-29 -2.922E-03 ( 3.032E-15, 2.161E-17) ( 3.538E-15, 1.476E-17)  2.42E-06
  1.545E+02 2.09963E-29 -2.956E-03 ( 2.995E-15, 2.148E-17) ( 3.468E-15, 1.450E-17)  2.10E-06
  1.550E+02 2.03011E-29 -2.997E-03 ( 2.959E-15, 2.136E-17) ( 3.397E-15, 1.424E-17)  2.36E-06
  1.555E+02 1.96239E-29 -3.032E-03 ( 2.924E-15, 2.123E-17) ( 3.327E-15, 1.398E-17)  2.63E-06
  1.560E+02 1.89645E-29 -3.070E-03 ( 2.890E-15, 2.111E-17) ( 3.257E-15, 1.372E-17)  2.32E-06
  1.565E+02 1.83227E-29 -3.105E-03 ( 2.857E-15, 2.099E-17) ( 3.188E-15, 1.346E-17)  2.27E-06
  1.570E+02 1.76979E-29 -3.142E-03 ( 2.824E-15, 2.087E-17) ( 3.118E-15, 1.319E-17)  2.86E-06
  1.575E+02 1.70904E-29 -3.177E-03 ( 2.792E-15, 2.075E-17) ( 3.048E-15, 1.293E-17)  2.80E-06
  1.580E+02 1.64990E-29 -3.216E-03 ( 2.761E-15, 2.064E-17) ( 2.979E-15, 1.266E-17)  2.35E-06
  1.585E+02 1.59243E-29 -3.249E-03 ( 2.731E-15, 2.052E-17) ( 2.909E-15, 1.239E-17)  3.08E-06
  1.590E+02 1.53659E-29 -3.285E-03 ( 2.702E-15, 2.041E-17) ( 2.840E-15, 1.212E-17)  3.15E-06
  1.595E+02 1.48233E-29 -3.319E-03 ( 2.673E-15, 2.031E-17) ( 2.771E-15, 1.185E-17)  2.51E-06
  1.600E+02 1.42968E-29 -3.354E-03 ( 2.645E-15, 2.020E-17) ( 2.702E-15, 1.157E-17)  3.25E-06
  1.605E+02 1.37852E-29 -3.391E-03 ( 2.617E-15, 2.011E-17) ( 2.633E-15, 1.130E-17)  3.56E-06
  1.610E+02 1.32896E-29 -3.417E-03 ( 2.591E-15, 2.000E-17) ( 2.564E-15, 1.103E-17)  3.03E-06
  1.615E+02 1.28092E-29 -3.451E-03 ( 2.565E-15, 1.990E-17) ( 2.496E-15, 1.075E-17)  3.30E-06
  1.620E+02 1.23431E-29 -3.482E-03 ( 2.540E-15, 1.981E-17) ( 2.427E-15, 1.047E-17)  3.95E-06
  1.625E+02 1.18929E-29 -3.506E-03 ( 2.516E-15, 1.971E-17) ( 2.359E-15, 1.019E-17)  3.74E-06
  1.630E+02 1.14563E-29 -3.532E-03 ( 2.492E-15, 1.963E-17) ( 2.290E-15, 9.918E-18)  3.57E-06
  1.635E+02 1.10350E-29 -3.556E-03 ( 2.469E-15, 1.953E-17) ( 2.222E-15, 9.631E-18)  4.38E-06
  1.640E+02 1.06274E-29 -3.582E-03 ( 2.447E-15, 1.945E-17) ( 2.154E-15, 9.345E-18)  4.17E-06
  1.645E+02 1.02341E-29 -3.594E-03 ( 2.426E-15, 1.936E-17) ( 2.086E-15, 9.068E-18)  3.11E-06
  1.650E+02 9.85459E-30 -3.610E-03 ( 2.405E-15, 1.929E-17) ( 2.018E-15, 8.784E-18)  4.54E-06
  1.655E+02 9.48899E-30 -3.623E-03 ( 2.385E-15, 1.921E-17) ( 1.950E-15, 8.497E-18)  5.05E-06
  1.660E+02 9.13682E-30 -3.626E-03 ( 2.366E-15, 1.914E-17) ( 1.882E-15, 8.218E-18)  4.47E-06
  1.665E+02 8.79797E-30 -3.631E-03 ( 2.347E-15, 1.907E-17) ( 1.814E-15, 7.934E-18)  5.28E-06
  1.670E+02 8.47306E-30 -3.620E-03 ( 2.329E-15, 1.899E-17) ( 1.746E-15, 7.654E-18)  5.54E-06
  1.675E+02 8.16165E-30 -3.613E-03 ( 2.312E-15, 1.892E-17) ( 1.678E-15, 7.360E-18)  4.43E-06
  1.680E+02 7.86343E-30 -3.600E-03 ( 2.295E-15, 1.886E-17) ( 1.611E-15, 7.066E-18)  4.61E-06
  1.685E+02 7.57725E-30 -3.589E-03 ( 2.279E-15, 1.881E-17) ( 1.543E-15, 6.771E-18)  6.20E-06
  1.690E+02 7.30486E-30 -3.545E-03 ( 2.264E-15, 1.874E-17) ( 1.476E-15, 6.495E-18)  6.55E-06
  1.695E+02 7.04529E-30 -3.513E-03 ( 2.250E-15, 1.869E-17) ( 1.408E-15, 6.195E-18)  6.36E-06
  1.700E+02 6.79812E-30 -3.472E-03 ( 2.236E-15, 1.864E-17) ( 1.341E-15, 5.899E-18)  7.27E-06
  1.705E+02 6.56378E-30 -3.406E-03 ( 2.223E-15, 1.858E-17) ( 1.273E-15, 5.615E-18)  6.40E-06
  1.710E+02 6.34205E-30 -3.337E-03 ( 2.211E-15, 1.853E-17) ( 1.206E-15, 5.323E-18)  3.79E-06
  1.715E+02 6.13300E-30 -3.259E-03 ( 2.199E-15, 1.848E-17) ( 1.139E-15, 5.025E-18)  6.72E-06
  1.720E+02 5.93601E-30 -3.165E-03 ( 2.188E-15, 1.843E-17) ( 1.072E-15, 4.735E-18)  8.62E-06
  1.725E+02 5.75123E-30 -3.068E-03 ( 2.178E-15, 1.840E-17) ( 1.005E-15, 4.436E-18)  8.84E-06
  1.730E+02 5.57822E-30 -2.947E-03 ( 2.168E-15, 1.837E-17) ( 9.373E-16, 4.151E-18)  9.65E-06
  1.735E+02 5.41854E-30 -2.810E-03 ( 2.159E-15, 1.832E-17) ( 8.702E-16, 3.858E-18)  9.18E-06
  1.740E+02 5.27003E-30 -2.665E-03 ( 2.151E-15, 1.829E-17) ( 8.031E-16, 3.566E-18)  6.21E-06
  1.745E+02 5.13449E-30 -2.496E-03 ( 2.143E-15, 1.825E-17) ( 7.360E-16, 3.277E-18)  5.80E-06
  1.750E+02 5.01022E-30 -2.340E-03 ( 2.136E-15, 1.823E-17) ( 6.691E-16, 2.966E-18)  1.01E-05
  1.755E+02 4.89837E-30 -2.149E-03 ( 2.130E-15, 1.820E-17) ( 6.021E-16, 2.673E-18)  1.28E-05
  1.760E+02 4.79800E-30 -1.960E-03 ( 2.124E-15, 1.818E-17) ( 5.352E-16, 2.367E-18)  1.37E-05
  1.765E+02 4.70991E-30 -1.735E-03 ( 2.119E-15, 1.815E-17) ( 4.682E-16, 2.082E-18)  1.40E-05
  1.770E+02 4.63324E-30 -1.518E-03 ( 2.115E-15, 1.814E-17) ( 4.013E-16, 1.780E-18)  1.06E-05
  1.775E+02 4.56904E-30 -1.297E-03 ( 2.111E-15, 1.812E-17) ( 3.346E-16, 1.468E-18)  3.52E-06
  1.780E+02 4.51561E-30 -1.038E-03 ( 2.108E-15, 1.811E-17) ( 2.675E-16, 1.187E-18)  1.07E-05
  1.785E+02 4.47475E-30 -7.953E-04 ( 2.106E-15, 1.810E-17) ( 2.007E-16, 8.804E-19)  1.99E-05
  1.790E+02 4.44526E-30 -5.129E-04 ( 2.104E-15, 1.810E-17) ( 1.336E-16, 6.074E-19)  2.87E-05
  1.795E+02 4.42824E-30 -2.563E-04 ( 2.103E-15, 1.808E-17) ( 6.682E-17, 3.044E-19)  3.92E-05
  1.800E+02 4.42445E-30 -1.197E-17 ( 2.103E-15, 1.802E-17) ( 1.012E-30,-3.924E-33)  1.85E-04

  **** DPWA0 ENDED ************************************************************

