

  **** PARTIAL WAVE ANALYSIS (DPWA0) ******************************************


  KINETIC ENERGY = 3.70000E+06 eV

  ONLY INNER PHASE SHIFTS ARE TABULATED

      L       PHASE(SPIN UP)     PHASE(SPIN DOWN)
  -----------------------------------------------
       0     -3.35890784E-03      0.00000000E+00
       1     -1.24247856E-06     -2.69942146E-03
       2     -3.52725351E-10     -9.79923542E-07
       3     -7.74306807E-14     -2.77244389E-10
       4      0.00000000E+00     -6.06889119E-14
       5      0.00000000E+00      0.00000000E+00
       6      0.00000000E+00      0.00000000E+00
       7      0.00000000E+00      0.00000000E+00
       8      0.00000000E+00      0.00000000E+00
       9      0.00000000E+00      0.00000000E+00
      10      0.00000000E+00      0.00000000E+00
      11      0.00000000E+00      0.00000000E+00


  *** SCATTERING AMPLITUDES AND DIFFERENTIAL CROSS SECTION ***

    ANGLE      DCS       ASYMMETRY    DIRECT AMPLITUDE       SPIN-FLIP AMPLITUDE     ERROR
    (deg)   (cm**2/sr)                      (cm)                    (cm)
  -------------------------------------------------------------------------------------------
  0.000E+00 1.00000E-45  0.000E+00 ( 0.000E+00, 0.000E+00) ( 0.000E+00, 0.000E+00)  1.00E+00
  1.000E-04 1.00000E-45  0.000E+00 ( 0.000E+00, 0.000E+00) ( 0.000E+00, 0.000E+00)  1.00E+00
  1.250E-04 1.00000E-45  0.000E+00 ( 0.000E+00, 0.000E+00) ( 0.000E+00, 0.000E+00)  1.00E+00
  1.500E-04 1.00000E-45  0.000E+00 ( 0.000E+00, 0.000E+00) ( 0.000E+00, 0.000E+00)  1.00E+00
  1.750E-04 1.00000E-45  0.000E+00 ( 0.000E+00, 0.000E+00) ( 0.000E+00, 0.000E+00)  1.00E+00
  2.000E-04 1.00000E-45  0.000E+00 ( 0.000E+00, 0.000E+00) ( 0.000E+00, 0.000E+00)  1.00E+00
  2.250E-04 1.00000E-45  0.000E+00 ( 0.000E+00, 0.000E+00) ( 0.000E+00, 0.000E+00)  1.00E+00
  2.500E-04 1.00000E-45  0.000E+00 ( 0.000E+00, 0.000E+00) ( 0.000E+00, 0.000E+00)  1.00E+00
  2.750E-04 1.00000E-45  0.000E+00 ( 0.000E+00, 0.000E+00) ( 0.000E+00, 0.000E+00)  1.00E+00
  3.000E-04 1.00000E-45  0.000E+00 ( 0.000E+00, 0.000E+00) ( 0.000E+00, 0.000E+00)  1.00E+00
  3.250E-04 1.00000E-45  0.000E+00 ( 0.000E+00, 0.000E+00) ( 0.000E+00, 0.000E+00)  1.00E+00
  3.500E-04 1.00000E-45  0.000E+00 ( 0.000E+00, 0.000E+00) ( 0.000E+00, 0.000E+00)  1.00E+00
  3.750E-04 1.00000E-45  0.000E+00 ( 0.000E+00, 0.000E+00) ( 0.000E+00, 0.000E+00)  1.00E+00
  4.000E-04 1.00000E-45  0.000E+00 ( 0.000E+00, 0.000E+00) ( 0.000E+00, 0.000E+00)  1.00E+00
  4.250E-04 1.00000E-45  0.000E+00 ( 0.000E+00, 0.000E+00) ( 0.000E+00, 0.000E+00)  1.00E+00
  4.500E-04 1.00000E-45  0.000E+00 ( 0.000E+00, 0.000E+00) ( 0.000E+00, 0.000E+00)  1.00E+00
  4.750E-04 1.00000E-45  0.000E+00 ( 0.000E+00, 0.000E+00) ( 0.000E+00, 0.000E+00)  1.00E+00
  5.000E-04 1.00000E-45  0.000E+00 ( 0.000E+00, 0.000E+00) ( 0.000E+00, 0.000E+00)  1.00E+00
  5.250E-04 1.00000E-45  0.000E+00 ( 0.000E+00, 0.000E+00) ( 0.000E+00, 0.000E+00)  1.00E+00
  5.500E-04 1.00000E-45  0.000E+00 ( 0.000E+00, 0.000E+00) ( 0.000E+00, 0.000E+00)  1.00E+00
  5.750E-04 1.00000E-45  0.000E+00 ( 0.000E+00, 0.000E+00) ( 0.000E+00, 0.000E+00)  1.00E+00
  6.000E-04 1.00000E-45  0.000E+00 ( 0.000E+00, 0.000E+00) ( 0.000E+00, 0.000E+00)  1.00E+00
  6.250E-04 1.00000E-45  0.000E+00 ( 0.000E+00, 0.000E+00) ( 0.000E+00, 0.000E+00)  1.00E+00
  6.500E-04 1.00000E-45  0.000E+00 ( 0.000E+00, 0.000E+00) ( 0.000E+00, 0.000E+00)  1.00E+00
  6.750E-04 1.00000E-45  0.000E+00 ( 0.000E+00, 0.000E+00) ( 0.000E+00, 0.000E+00)  1.00E+00
  7.000E-04 1.00000E-45  0.000E+00 ( 0.000E+00, 0.000E+00) ( 0.000E+00, 0.000E+00)  1.00E+00
  7.250E-04 1.00000E-45  0.000E+00 ( 0.000E+00, 0.000E+00) ( 0.000E+00, 0.000E+00)  1.00E+00
  7.500E-04 1.00000E-45  0.000E+00 ( 0.000E+00, 0.000E+00) ( 0.000E+00, 0.000E+00)  1.00E+00
  7.750E-04 1.00000E-45  0.000E+00 ( 0.000E+00, 0.000E+00) ( 0.000E+00, 0.000E+00)  1.00E+00
  8.000E-04 1.00000E-45  0.000E+00 ( 0.000E+00, 0.000E+00) ( 0.000E+00, 0.000E+00)  1.00E+00
  8.250E-04 1.00000E-45  0.000E+00 ( 0.000E+00, 0.000E+00) ( 0.000E+00, 0.000E+00)  1.00E+00
  8.500E-04 1.00000E-45  0.000E+00 ( 0.000E+00, 0.000E+00) ( 0.000E+00, 0.000E+00)  1.00E+00
  8.750E-04 1.00000E-45  0.000E+00 ( 0.000E+00, 0.000E+00) ( 0.000E+00, 0.000E+00)  1.00E+00
  9.000E-04 1.00000E-45  0.000E+00 ( 0.000E+00, 0.000E+00) ( 0.000E+00, 0.000E+00)  1.00E+00
  9.250E-04 1.00000E-45  0.000E+00 ( 0.000E+00, 0.000E+00) ( 0.000E+00, 0.000E+00)  1.00E+00
  9.500E-04 1.00000E-45  0.000E+00 ( 0.000E+00, 0.000E+00) ( 0.000E+00, 0.000E+00)  1.00E+00
  9.750E-04 1.00000E-45  0.000E+00 ( 0.000E+00, 0.000E+00) ( 0.000E+00, 0.000E+00)  1.00E+00
  1.000E-03 1.00000E-45  0.000E+00 ( 0.000E+00, 0.000E+00) ( 0.000E+00, 0.000E+00)  1.00E+00
  1.250E-03 1.00000E-45  0.000E+00 ( 0.000E+00, 0.000E+00) ( 0.000E+00, 0.000E+00)  1.00E+00
  1.500E-03 1.00000E-45  0.000E+00 ( 0.000E+00, 0.000E+00) ( 0.000E+00, 0.000E+00)  1.00E+00
  1.750E-03 1.00000E-45  0.000E+00 ( 0.000E+00, 0.000E+00) ( 0.000E+00, 0.000E+00)  1.00E+00
  2.000E-03 1.00000E-45  0.000E+00 ( 0.000E+00, 0.000E+00) ( 0.000E+00, 0.000E+00)  1.00E+00
  2.250E-03 1.00000E-45  0.000E+00 ( 0.000E+00, 0.000E+00) ( 0.000E+00, 0.000E+00)  1.00E+00
  2.500E-03 1.00000E-45  0.000E+00 ( 0.000E+00, 0.000E+00) ( 0.000E+00, 0.000E+00)  1.00E+00
  2.750E-03 1.00000E-45  0.000E+00 ( 0.000E+00, 0.000E+00) ( 0.000E+00, 0.000E+00)  1.00E+00
  3.000E-03 1.00000E-45  0.000E+00 ( 0.000E+00, 0.000E+00) ( 0.000E+00, 0.000E+00)  1.00E+00
  3.250E-03 1.00000E-45  0.000E+00 ( 0.000E+00, 0.000E+00) ( 0.000E+00, 0.000E+00)  1.00E+00
  3.500E-03 1.00000E-45  0.000E+00 ( 0.000E+00, 0.000E+00) ( 0.000E+00, 0.000E+00)  1.00E+00
  3.750E-03 1.00000E-45  0.000E+00 ( 0.000E+00, 0.000E+00) ( 0.000E+00, 0.000E+00)  1.00E+00
  4.000E-03 1.00000E-45  0.000E+00 ( 0.000E+00, 0.000E+00) ( 0.000E+00, 0.000E+00)  1.00E+00
  4.250E-03 1.00000E-45  0.000E+00 ( 0.000E+00, 0.000E+00) ( 0.000E+00, 0.000E+00)  1.00E+00
  4.500E-03 1.00000E-45  0.000E+00 ( 0.000E+00, 0.000E+00) ( 0.000E+00, 0.000E+00)  1.00E+00
  4.750E-03 1.00000E-45  0.000E+00 ( 0.000E+00, 0.000E+00) ( 0.000E+00, 0.000E+00)  1.00E+00
  5.000E-03 1.00000E-45  0.000E+00 ( 0.000E+00, 0.000E+00) ( 0.000E+00, 0.000E+00)  1.00E+00
  5.250E-03 1.00000E-45  0.000E+00 ( 0.000E+00, 0.000E+00) ( 0.000E+00, 0.000E+00)  1.00E+00
  5.500E-03 1.00000E-45  0.000E+00 ( 0.000E+00, 0.000E+00) ( 0.000E+00, 0.000E+00)  1.00E+00
  5.750E-03 1.00000E-45  0.000E+00 ( 0.000E+00, 0.000E+00) ( 0.000E+00, 0.000E+00)  1.00E+00
  6.000E-03 1.00000E-45  0.000E+00 ( 0.000E+00, 0.000E+00) ( 0.000E+00, 0.000E+00)  1.00E+00
  6.250E-03 1.00000E-45  0.000E+00 ( 0.000E+00, 0.000E+00) ( 0.000E+00, 0.000E+00)  1.00E+00
  6.500E-03 1.00000E-45  0.000E+00 ( 0.000E+00, 0.000E+00) ( 0.000E+00, 0.000E+00)  1.00E+00
  6.750E-03 1.00000E-45  0.000E+00 ( 0.000E+00, 0.000E+00) ( 0.000E+00, 0.000E+00)  1.00E+00
  7.000E-03 1.00000E-45  0.000E+00 ( 0.000E+00, 0.000E+00) ( 0.000E+00, 0.000E+00)  1.00E+00
  7.250E-03 1.00000E-45  0.000E+00 ( 0.000E+00, 0.000E+00) ( 0.000E+00, 0.000E+00)  1.00E+00
  7.500E-03 1.00000E-45  0.000E+00 ( 0.000E+00, 0.000E+00) ( 0.000E+00, 0.000E+00)  1.00E+00
  7.750E-03 1.00000E-45  0.000E+00 ( 0.000E+00, 0.000E+00) ( 0.000E+00, 0.000E+00)  1.00E+00
  8.000E-03 1.00000E-45  0.000E+00 ( 0.000E+00, 0.000E+00) ( 0.000E+00, 0.000E+00)  1.00E+00
  8.250E-03 1.00000E-45  0.000E+00 ( 0.000E+00, 0.000E+00) ( 0.000E+00, 0.000E+00)  1.00E+00
  8.500E-03 1.00000E-45  0.000E+00 ( 0.000E+00, 0.000E+00) ( 0.000E+00, 0.000E+00)  1.00E+00
  8.750E-03 1.00000E-45  0.000E+00 ( 0.000E+00, 0.000E+00) ( 0.000E+00, 0.000E+00)  1.00E+00
  9.000E-03 1.00000E-45  0.000E+00 ( 0.000E+00, 0.000E+00) ( 0.000E+00, 0.000E+00)  1.00E+00
  9.250E-03 1.00000E-45  0.000E+00 ( 0.000E+00, 0.000E+00) ( 0.000E+00, 0.000E+00)  1.00E+00
  9.500E-03 1.00000E-45  0.000E+00 ( 0.000E+00, 0.000E+00) ( 0.000E+00, 0.000E+00)  1.00E+00
  9.750E-03 1.00000E-45  0.000E+00 ( 0.000E+00, 0.000E+00) ( 0.000E+00, 0.000E+00)  1.00E+00
  1.000E-02 1.00000E-45  0.000E+00 ( 0.000E+00, 0.000E+00) ( 0.000E+00, 0.000E+00)  1.00E+00
  1.250E-02 1.00000E-45  0.000E+00 ( 0.000E+00, 0.000E+00) ( 0.000E+00, 0.000E+00)  1.00E+00
  1.500E-02 1.00000E-45  0.000E+00 ( 0.000E+00, 0.000E+00) ( 0.000E+00, 0.000E+00)  1.00E+00
  1.750E-02 1.00000E-45  0.000E+00 ( 0.000E+00, 0.000E+00) ( 0.000E+00, 0.000E+00)  1.00E+00
  2.000E-02 1.00000E-45  0.000E+00 ( 0.000E+00, 0.000E+00) ( 0.000E+00, 0.000E+00)  1.00E+00
  2.250E-02 1.00000E-45  0.000E+00 ( 0.000E+00, 0.000E+00) ( 0.000E+00, 0.000E+00)  1.00E+00
  2.500E-02 1.00000E-45  0.000E+00 ( 0.000E+00, 0.000E+00) ( 0.000E+00, 0.000E+00)  1.00E+00
  2.750E-02 1.00000E-45  0.000E+00 ( 0.000E+00, 0.000E+00) ( 0.000E+00, 0.000E+00)  1.00E+00
  3.000E-02 1.00000E-45  0.000E+00 ( 0.000E+00, 0.000E+00) ( 0.000E+00, 0.000E+00)  1.00E+00
  3.250E-02 1.00000E-45  0.000E+00 ( 0.000E+00, 0.000E+00) ( 0.000E+00, 0.000E+00)  1.00E+00
  3.500E-02 1.00000E-45  0.000E+00 ( 0.000E+00, 0.000E+00) ( 0.000E+00, 0.000E+00)  1.00E+00
  3.750E-02 1.00000E-45  0.000E+00 ( 0.000E+00, 0.000E+00) ( 0.000E+00, 0.000E+00)  1.00E+00
  4.000E-02 1.00000E-45  0.000E+00 ( 0.000E+00, 0.000E+00) ( 0.000E+00, 0.000E+00)  1.00E+00
  4.250E-02 1.00000E-45  0.000E+00 ( 0.000E+00, 0.000E+00) ( 0.000E+00, 0.000E+00)  1.00E+00
  4.500E-02 1.00000E-45  0.000E+00 ( 0.000E+00, 0.000E+00) ( 0.000E+00, 0.000E+00)  1.00E+00
  4.750E-02 1.00000E-45  0.000E+00 ( 0.000E+00, 0.000E+00) ( 0.000E+00, 0.000E+00)  1.00E+00
  5.000E-02 1.00000E-45  0.000E+00 ( 0.000E+00, 0.000E+00) ( 0.000E+00, 0.000E+00)  1.00E+00
  5.250E-02 1.00000E-45  0.000E+00 ( 0.000E+00, 0.000E+00) ( 0.000E+00, 0.000E+00)  1.00E+00
  5.500E-02 1.00000E-45  0.000E+00 ( 0.000E+00, 0.000E+00) ( 0.000E+00, 0.000E+00)  1.00E+00
  5.750E-02 1.00000E-45  0.000E+00 ( 0.000E+00, 0.000E+00) ( 0.000E+00, 0.000E+00)  1.00E+00
  6.000E-02 1.00000E-45  0.000E+00 ( 0.000E+00, 0.000E+00) ( 0.000E+00, 0.000E+00)  1.00E+00
  6.250E-02 1.00000E-45  0.000E+00 ( 0.000E+00, 0.000E+00) ( 0.000E+00, 0.000E+00)  1.00E+00
  6.500E-02 1.00000E-45  0.000E+00 ( 0.000E+00, 0.000E+00) ( 0.000E+00, 0.000E+00)  1.00E+00
  6.750E-02 1.00000E-45  0.000E+00 ( 0.000E+00, 0.000E+00) ( 0.000E+00, 0.000E+00)  1.00E+00
  7.000E-02 1.00000E-45  0.000E+00 ( 0.000E+00, 0.000E+00) ( 0.000E+00, 0.000E+00)  1.00E+00
  7.250E-02 1.00000E-45  0.000E+00 ( 0.000E+00, 0.000E+00) ( 0.000E+00, 0.000E+00)  1.00E+00
  7.500E-02 1.00000E-45  0.000E+00 ( 0.000E+00, 0.000E+00) ( 0.000E+00, 0.000E+00)  1.00E+00
  7.750E-02 1.00000E-45  0.000E+00 ( 0.000E+00, 0.000E+00) ( 0.000E+00, 0.000E+00)  1.00E+00
  8.000E-02 1.00000E-45  0.000E+00 ( 0.000E+00, 0.000E+00) ( 0.000E+00, 0.000E+00)  1.00E+00
  8.250E-02 1.00000E-45  0.000E+00 ( 0.000E+00, 0.000E+00) ( 0.000E+00, 0.000E+00)  1.00E+00
  8.500E-02 1.00000E-45  0.000E+00 ( 0.000E+00, 0.000E+00) ( 0.000E+00, 0.000E+00)  1.00E+00
  8.750E-02 1.00000E-45  0.000E+00 ( 0.000E+00, 0.000E+00) ( 0.000E+00, 0.000E+00)  1.00E+00
  9.000E-02 1.00000E-45  0.000E+00 ( 0.000E+00, 0.000E+00) ( 0.000E+00, 0.000E+00)  1.00E+00
  9.250E-02 1.00000E-45  0.000E+00 ( 0.000E+00, 0.000E+00) ( 0.000E+00, 0.000E+00)  1.00E+00
  9.500E-02 1.00000E-45  0.000E+00 ( 0.000E+00, 0.000E+00) ( 0.000E+00, 0.000E+00)  1.00E+00
  9.750E-02 1.00000E-45  0.000E+00 ( 0.000E+00, 0.000E+00) ( 0.000E+00, 0.000E+00)  1.00E+00
  1.000E-01 1.00000E-45  0.000E+00 ( 0.000E+00, 0.000E+00) ( 0.000E+00, 0.000E+00)  1.00E+00
  1.250E-01 1.00000E-45  0.000E+00 ( 0.000E+00, 0.000E+00) ( 0.000E+00, 0.000E+00)  1.00E+00
  1.500E-01 1.00000E-45  0.000E+00 ( 0.000E+00, 0.000E+00) ( 0.000E+00, 0.000E+00)  1.00E+00
  1.750E-01 1.00000E-45  0.000E+00 ( 0.000E+00, 0.000E+00) ( 0.000E+00, 0.000E+00)  1.00E+00
  2.000E-01 1.00000E-45  0.000E+00 ( 0.000E+00, 0.000E+00) ( 0.000E+00, 0.000E+00)  1.00E+00
  2.250E-01 1.00000E-45  0.000E+00 ( 0.000E+00, 0.000E+00) ( 0.000E+00, 0.000E+00)  1.00E+00
  2.500E-01 1.00000E-45  0.000E+00 ( 0.000E+00, 0.000E+00) ( 0.000E+00, 0.000E+00)  1.00E+00
  2.750E-01 1.00000E-45  0.000E+00 ( 0.000E+00, 0.000E+00) ( 0.000E+00, 0.000E+00)  1.00E+00
  3.000E-01 1.00000E-45  0.000E+00 ( 0.000E+00, 0.000E+00) ( 0.000E+00, 0.000E+00)  1.00E+00
  3.250E-01 1.00000E-45  0.000E+00 ( 0.000E+00, 0.000E+00) ( 0.000E+00, 0.000E+00)  1.00E+00
  3.500E-01 1.00000E-45  0.000E+00 ( 0.000E+00, 0.000E+00) ( 0.000E+00, 0.000E+00)  1.00E+00
  3.750E-01 1.00000E-45  0.000E+00 ( 0.000E+00, 0.000E+00) ( 0.000E+00, 0.000E+00)  1.00E+00
  4.000E-01 1.00000E-45  0.000E+00 ( 0.000E+00, 0.000E+00) ( 0.000E+00, 0.000E+00)  1.00E+00
  4.250E-01 1.00000E-45  0.000E+00 ( 0.000E+00, 0.000E+00) ( 0.000E+00, 0.000E+00)  1.00E+00
  4.500E-01 1.00000E-45  0.000E+00 ( 0.000E+00, 0.000E+00) ( 0.000E+00, 0.000E+00)  1.00E+00
  4.750E-01 1.00000E-45  0.000E+00 ( 0.000E+00, 0.000E+00) ( 0.000E+00, 0.000E+00)  1.00E+00
  5.000E-01 1.00000E-45  0.000E+00 ( 0.000E+00, 0.000E+00) ( 0.000E+00, 0.000E+00)  1.00E+00
  5.250E-01 1.00000E-45  0.000E+00 ( 0.000E+00, 0.000E+00) ( 0.000E+00, 0.000E+00)  1.00E+00
  5.500E-01 1.00000E-45  0.000E+00 ( 0.000E+00, 0.000E+00) ( 0.000E+00, 0.000E+00)  1.00E+00
  5.750E-01 1.00000E-45  0.000E+00 ( 0.000E+00, 0.000E+00) ( 0.000E+00, 0.000E+00)  1.00E+00
  6.000E-01 1.00000E-45  0.000E+00 ( 0.000E+00, 0.000E+00) ( 0.000E+00, 0.000E+00)  1.00E+00
  6.250E-01 1.00000E-45  0.000E+00 ( 0.000E+00, 0.000E+00) ( 0.000E+00, 0.000E+00)  1.00E+00
  6.500E-01 1.00000E-45  0.000E+00 ( 0.000E+00, 0.000E+00) ( 0.000E+00, 0.000E+00)  1.00E+00
  6.750E-01 1.00000E-45  0.000E+00 ( 0.000E+00, 0.000E+00) ( 0.000E+00, 0.000E+00)  1.00E+00
  7.000E-01 1.00000E-45  0.000E+00 ( 0.000E+00, 0.000E+00) ( 0.000E+00, 0.000E+00)  1.00E+00
  7.250E-01 1.00000E-45  0.000E+00 ( 0.000E+00, 0.000E+00) ( 0.000E+00, 0.000E+00)  1.00E+00
  7.500E-01 1.00000E-45  0.000E+00 ( 0.000E+00, 0.000E+00) ( 0.000E+00, 0.000E+00)  1.00E+00
  7.750E-01 1.00000E-45  0.000E+00 ( 0.000E+00, 0.000E+00) ( 0.000E+00, 0.000E+00)  1.00E+00
  8.000E-01 1.00000E-45  0.000E+00 ( 0.000E+00, 0.000E+00) ( 0.000E+00, 0.000E+00)  1.00E+00
  8.250E-01 1.00000E-45  0.000E+00 ( 0.000E+00, 0.000E+00) ( 0.000E+00, 0.000E+00)  1.00E+00
  8.500E-01 1.00000E-45  0.000E+00 ( 0.000E+00, 0.000E+00) ( 0.000E+00, 0.000E+00)  1.00E+00
  8.750E-01 1.00000E-45  0.000E+00 ( 0.000E+00, 0.000E+00) ( 0.000E+00, 0.000E+00)  1.00E+00
  9.000E-01 1.00000E-45  0.000E+00 ( 0.000E+00, 0.000E+00) ( 0.000E+00, 0.000E+00)  1.00E+00
  9.250E-01 1.00000E-45  0.000E+00 ( 0.000E+00, 0.000E+00) ( 0.000E+00, 0.000E+00)  1.00E+00
  9.500E-01 1.00000E-45  0.000E+00 ( 0.000E+00, 0.000E+00) ( 0.000E+00, 0.000E+00)  1.00E+00
  9.750E-01 1.00000E-45  0.000E+00 ( 0.000E+00, 0.000E+00) ( 0.000E+00, 0.000E+00)  1.00E+00
  1.000E+00 1.46849E-16  0.000E+00 (-1.199E-08, 1.731E-09) (-9.202E-11, 1.327E-11)  5.16E-06
  1.100E+00 1.00371E-16  0.000E+00 (-9.995E-09, 6.876E-10) (-8.435E-11, 5.791E-12)  3.87E-06
  1.200E+00 7.09148E-17  0.000E+00 (-8.421E-09, 3.844E-12) (-7.754E-11, 2.314E-14)  2.11E-06
  1.300E+00 5.15246E-17  0.000E+00 (-7.164E-09,-4.471E-10) (-7.146E-11,-4.472E-12)  4.24E-07
  1.400E+00 3.83323E-17  0.000E+00 (-6.146E-09,-7.443E-10) (-6.603E-11,-8.008E-12)  8.33E-07
  1.500E+00 2.91092E-17  0.000E+00 (-5.313E-09,-9.376E-10) (-6.116E-11,-1.081E-11)  1.50E-06
  1.600E+00 2.25020E-17  0.000E+00 (-4.623E-09,-1.060E-09) (-5.677E-11,-1.303E-11)  1.60E-06
  1.700E+00 1.76691E-17  0.000E+00 (-4.047E-09,-1.134E-09) (-5.281E-11,-1.480E-11)  1.28E-06
  1.800E+00 1.40682E-17  0.000E+00 (-3.562E-09,-1.173E-09) (-4.922E-11,-1.621E-11)  7.20E-07
  1.900E+00 1.13403E-17  0.000E+00 (-3.151E-09,-1.188E-09) (-4.595E-11,-1.734E-11)  1.17E-07
  2.000E+00 9.24352E-18  0.000E+00 (-2.799E-09,-1.187E-09) (-4.297E-11,-1.823E-11)  3.81E-07
  2.100E+00 7.61019E-18  0.000E+00 (-2.496E-09,-1.173E-09) (-4.024E-11,-1.893E-11)  6.67E-07
  2.200E+00 6.32271E-18  0.000E+00 (-2.235E-09,-1.152E-09) (-3.774E-11,-1.947E-11)  7.24E-07
  2.300E+00 5.29668E-18  0.000E+00 (-2.007E-09,-1.126E-09) (-3.544E-11,-1.989E-11)  5.87E-07
  2.400E+00 4.47087E-18  0.000E+00 (-1.808E-09,-1.096E-09) (-3.332E-11,-2.020E-11)  3.28E-07
  2.500E+00 3.80018E-18  0.000E+00 (-1.634E-09,-1.063E-09) (-3.136E-11,-2.042E-11)  1.00E-07
  2.600E+00 3.25084E-18  0.000E+00 (-1.480E-09,-1.030E-09) (-2.954E-11,-2.057E-11)  2.18E-07
  2.700E+00 2.79745E-18  0.000E+00 (-1.343E-09,-9.957E-10) (-2.785E-11,-2.066E-11)  3.67E-07
  2.800E+00 2.42056E-18  0.000E+00 (-1.223E-09,-9.617E-10) (-2.629E-11,-2.069E-11)  3.96E-07
  2.900E+00 2.10517E-18  0.000E+00 (-1.115E-09,-9.281E-10) (-2.483E-11,-2.069E-11)  3.20E-07
  3.000E+00 1.83962E-18  0.000E+00 (-1.018E-09,-8.953E-10) (-2.346E-11,-2.064E-11)  1.74E-07
  3.100E+00 1.61473E-18  0.000E+00 (-9.320E-10,-8.632E-10) (-2.219E-11,-2.057E-11)  1.00E-07
  3.200E+00 1.42326E-18  0.000E+00 (-8.543E-10,-8.322E-10) (-2.100E-11,-2.047E-11)  1.41E-07
  3.300E+00 1.25940E-18  0.000E+00 (-7.843E-10,-8.022E-10) (-1.988E-11,-2.035E-11)  2.28E-07
  3.400E+00 1.11852E-18  0.000E+00 (-7.210E-10,-7.733E-10) (-1.883E-11,-2.021E-11)  2.43E-07
  3.500E+00 9.96848E-19  0.000E+00 (-6.637E-10,-7.454E-10) (-1.784E-11,-2.006E-11)  1.94E-07
  3.600E+00 8.91319E-19  0.000E+00 (-6.116E-10,-7.187E-10) (-1.691E-11,-1.989E-11)  1.02E-07
  3.700E+00 7.99430E-19  0.000E+00 (-5.643E-10,-6.931E-10) (-1.604E-11,-1.972E-11)  1.00E-07
  3.800E+00 7.19115E-19  0.000E+00 (-5.211E-10,-6.685E-10) (-1.521E-11,-1.954E-11)  1.00E-07
  3.900E+00 6.48666E-19  0.000E+00 (-4.817E-10,-6.450E-10) (-1.443E-11,-1.935E-11)  1.53E-07
  4.000E+00 5.86662E-19  0.000E+00 (-4.456E-10,-6.225E-10) (-1.370E-11,-1.915E-11)  1.61E-07
  4.100E+00 5.31915E-19  0.000E+00 (-4.126E-10,-6.010E-10) (-1.300E-11,-1.895E-11)  1.27E-07
  4.200E+00 4.83428E-19  3.270E-05 (-3.823E-10,-5.803E-10) (-1.234E-11,-1.875E-11)  1.00E-07
  4.300E+00 4.40360E-19  3.404E-05 (-3.544E-10,-5.606E-10) (-1.171E-11,-1.854E-11)  1.00E-07
  4.400E+00 4.01999E-19  3.546E-05 (-3.287E-10,-5.417E-10) (-1.111E-11,-1.834E-11)  1.00E-07
  4.500E+00 3.67740E-19  3.683E-05 (-3.051E-10,-5.237E-10) (-1.055E-11,-1.813E-11)  1.09E-07
  4.600E+00 3.37067E-19  3.825E-05 (-2.832E-10,-5.064E-10) (-1.001E-11,-1.792E-11)  1.13E-07
  4.700E+00 3.09539E-19  3.967E-05 (-2.630E-10,-4.898E-10) (-9.500E-12,-1.772E-11)  1.00E-07
  4.800E+00 2.84774E-19  4.109E-05 (-2.444E-10,-4.740E-10) (-9.014E-12,-1.751E-11)  1.00E-07
  4.900E+00 2.62447E-19  4.254E-05 (-2.270E-10,-4.588E-10) (-8.550E-12,-1.730E-11)  1.00E-07
  5.000E+00 2.42275E-19  4.396E-05 (-2.110E-10,-4.443E-10) (-8.108E-12,-1.710E-11)  1.00E-07
  5.100E+00 2.24012E-19  4.543E-05 (-1.961E-10,-4.304E-10) (-7.686E-12,-1.689E-11)  1.00E-07
  5.200E+00 2.07445E-19  4.687E-05 (-1.822E-10,-4.170E-10) (-7.283E-12,-1.669E-11)  1.00E-07
  5.300E+00 1.92388E-19  4.832E-05 (-1.694E-10,-4.042E-10) (-6.898E-12,-1.649E-11)  1.00E-07
  5.400E+00 1.78679E-19  4.979E-05 (-1.574E-10,-3.919E-10) (-6.531E-12,-1.629E-11)  1.00E-07
  5.500E+00 1.66175E-19  5.123E-05 (-1.462E-10,-3.801E-10) (-6.179E-12,-1.610E-11)  1.00E-07
  5.600E+00 1.54751E-19  5.270E-05 (-1.357E-10,-3.688E-10) (-5.842E-12,-1.590E-11)  1.00E-07
  5.700E+00 1.44297E-19  5.414E-05 (-1.260E-10,-3.580E-10) (-5.520E-12,-1.571E-11)  1.00E-07
  5.800E+00 1.34715E-19  5.560E-05 (-1.169E-10,-3.475E-10) (-5.212E-12,-1.552E-11)  1.00E-07
  5.900E+00 1.25920E-19  5.705E-05 (-1.084E-10,-3.375E-10) (-4.916E-12,-1.534E-11)  1.00E-07
  6.000E+00 1.17834E-19  5.848E-05 (-1.005E-10,-3.279E-10) (-4.632E-12,-1.515E-11)  1.00E-07
  6.100E+00 1.10390E-19  5.993E-05 (-9.301E-11,-3.186E-10) (-4.360E-12,-1.497E-11)  1.00E-07
  6.200E+00 1.03528E-19  6.134E-05 (-8.604E-11,-3.097E-10) (-4.099E-12,-1.479E-11)  1.00E-07
  6.300E+00 9.71944E-20  6.277E-05 (-7.950E-11,-3.011E-10) (-3.848E-12,-1.461E-11)  1.00E-07
  6.400E+00 9.13401E-20  6.418E-05 (-7.336E-11,-2.928E-10) (-3.608E-12,-1.444E-11)  1.00E-07
  6.500E+00 8.59225E-20  6.558E-05 (-6.760E-11,-2.848E-10) (-3.376E-12,-1.427E-11)  1.00E-07
  6.600E+00 8.09031E-20  6.698E-05 (-6.220E-11,-2.772E-10) (-3.154E-12,-1.410E-11)  1.00E-07
  6.700E+00 7.62470E-20  6.834E-05 (-5.712E-11,-2.698E-10) (-2.940E-12,-1.393E-11)  1.00E-07
  6.800E+00 7.19231E-20  6.971E-05 (-5.235E-11,-2.627E-10) (-2.734E-12,-1.377E-11)  1.00E-07
  6.900E+00 6.79033E-20  7.105E-05 (-4.786E-11,-2.558E-10) (-2.536E-12,-1.360E-11)  1.00E-07
  7.000E+00 6.41622E-20  7.238E-05 (-4.363E-11,-2.491E-10) (-2.345E-12,-1.344E-11)  1.00E-07
  7.100E+00 6.06768E-20  7.370E-05 (-3.966E-11,-2.427E-10) (-2.162E-12,-1.329E-11)  1.00E-07
  7.200E+00 5.74265E-20  7.499E-05 (-3.592E-11,-2.366E-10) (-1.985E-12,-1.313E-11)  1.00E-07
  7.300E+00 5.43923E-20  7.627E-05 (-3.239E-11,-2.306E-10) (-1.814E-12,-1.298E-11)  1.00E-07
  7.400E+00 5.15573E-20  7.752E-05 (-2.907E-11,-2.248E-10) (-1.650E-12,-1.283E-11)  1.00E-07
  7.500E+00 4.89058E-20  7.876E-05 (-2.594E-11,-2.192E-10) (-1.491E-12,-1.268E-11)  1.00E-07
  7.600E+00 4.64238E-20  7.997E-05 (-2.298E-11,-2.139E-10) (-1.339E-12,-1.254E-11)  1.00E-07
  7.700E+00 4.40983E-20  8.115E-05 (-2.020E-11,-2.087E-10) (-1.191E-12,-1.239E-11)  1.00E-07
  7.800E+00 4.19177E-20  8.232E-05 (-1.757E-11,-2.036E-10) (-1.049E-12,-1.225E-11)  1.00E-07
  7.900E+00 3.98713E-20  8.345E-05 (-1.509E-11,-1.987E-10) (-9.115E-13,-1.211E-11)  1.00E-07
  8.000E+00 3.79491E-20  8.456E-05 (-1.275E-11,-1.940E-10) (-7.788E-13,-1.198E-11)  1.00E-07
  8.100E+00 3.61422E-20  8.564E-05 (-1.054E-11,-1.894E-10) (-6.507E-13,-1.184E-11)  1.00E-07
  8.200E+00 3.44424E-20  8.669E-05 (-8.456E-12,-1.850E-10) (-5.270E-13,-1.171E-11)  1.00E-07
  8.300E+00 3.28422E-20  8.772E-05 (-6.485E-12,-1.807E-10) (-4.074E-13,-1.158E-11)  1.00E-07
  8.400E+00 3.13345E-20  8.870E-05 (-4.623E-12,-1.766E-10) (-2.919E-13,-1.145E-11)  1.00E-07
  8.500E+00 2.99130E-20  8.967E-05 (-2.864E-12,-1.726E-10) (-1.802E-13,-1.132E-11)  1.00E-07
  8.600E+00 2.85719E-20  9.059E-05 (-1.202E-12,-1.687E-10) (-7.215E-14,-1.120E-11)  1.00E-07
  8.700E+00 2.73058E-20  9.149E-05 ( 3.680E-13,-1.649E-10) ( 3.230E-14,-1.107E-11)  1.00E-07
  8.800E+00 2.61096E-20  9.234E-05 ( 1.852E-12,-1.612E-10) ( 1.333E-13,-1.095E-11)  1.00E-07
  8.900E+00 2.49787E-20  9.316E-05 ( 3.255E-12,-1.576E-10) ( 2.311E-13,-1.083E-11)  1.00E-07
  9.000E+00 2.39089E-20  9.395E-05 ( 4.580E-12,-1.542E-10) ( 3.256E-13,-1.072E-11)  1.00E-07
  9.100E+00 2.28963E-20  9.469E-05 ( 5.833E-12,-1.508E-10) ( 4.172E-13,-1.060E-11)  1.00E-07
  9.200E+00 2.19371E-20  9.540E-05 ( 7.018E-12,-1.476E-10) ( 5.058E-13,-1.049E-11)  1.00E-07
  9.300E+00 2.10282E-20  9.606E-05 ( 8.137E-12,-1.444E-10) ( 5.915E-13,-1.037E-11)  1.00E-07
  9.400E+00 2.01662E-20  9.669E-05 ( 9.194E-12,-1.413E-10) ( 6.746E-13,-1.026E-11)  1.00E-07
  9.500E+00 1.93484E-20  9.728E-05 ( 1.019E-11,-1.384E-10) ( 7.550E-13,-1.015E-11)  1.00E-07
  9.600E+00 1.85720E-20  9.781E-05 ( 1.114E-11,-1.354E-10) ( 8.329E-13,-1.005E-11)  1.00E-07
  9.700E+00 1.78345E-20  9.832E-05 ( 1.203E-11,-1.326E-10) ( 9.084E-13,-9.942E-12)  1.00E-07
  9.800E+00 1.71335E-20  9.877E-05 ( 1.287E-11,-1.299E-10) ( 9.815E-13,-9.837E-12)  1.00E-07
  9.900E+00 1.64671E-20  9.918E-05 ( 1.367E-11,-1.272E-10) ( 1.052E-12,-9.735E-12)  1.00E-07
  1.000E+01 1.58330E-20  9.954E-05 ( 1.442E-11,-1.246E-10) ( 1.121E-12,-9.633E-12)  1.00E-07
  1.025E+01 1.43775E-20  1.002E-04 ( 1.612E-11,-1.184E-10) ( 1.284E-12,-9.387E-12)  1.00E-07
  1.050E+01 1.30871E-20  1.006E-04 ( 1.759E-11,-1.127E-10) ( 1.434E-12,-9.149E-12)  1.00E-07
  1.075E+01 1.19396E-20  1.007E-04 ( 1.885E-11,-1.072E-10) ( 1.573E-12,-8.919E-12)  1.00E-07
  1.100E+01 1.09164E-20  1.004E-04 ( 1.994E-11,-1.022E-10) ( 1.702E-12,-8.697E-12)  1.00E-07
  1.125E+01 1.00016E-20  9.974E-05 ( 2.087E-11,-9.742E-11) ( 1.822E-12,-8.483E-12)  1.00E-07
  1.150E+01 9.18157E-21  9.875E-05 ( 2.166E-11,-9.295E-11) ( 1.933E-12,-8.276E-12)  1.00E-07
  1.175E+01 8.44481E-21  9.737E-05 ( 2.233E-11,-8.875E-11) ( 2.036E-12,-8.076E-12)  1.00E-07
  1.200E+01 7.78129E-21  9.560E-05 ( 2.289E-11,-8.480E-11) ( 2.132E-12,-7.882E-12)  1.00E-07
  1.225E+01 7.18239E-21  0.000E+00 ( 2.335E-11,-8.107E-11) ( 2.220E-12,-7.695E-12)  1.00E-07
  1.250E+01 6.64067E-21  0.000E+00 ( 2.373E-11,-7.756E-11) ( 2.303E-12,-7.514E-12)  1.00E-07
  1.275E+01 6.14967E-21  0.000E+00 ( 2.403E-11,-7.425E-11) ( 2.379E-12,-7.339E-12)  1.00E-07
  1.300E+01 5.70376E-21  0.000E+00 ( 2.427E-11,-7.111E-11) ( 2.450E-12,-7.169E-12)  1.00E-07
  1.325E+01 5.29803E-21  0.000E+00 ( 2.445E-11,-6.815E-11) ( 2.516E-12,-7.005E-12)  1.00E-07
  1.350E+01 4.92819E-21  0.000E+00 ( 2.458E-11,-6.535E-11) ( 2.577E-12,-6.845E-12)  1.00E-07
  1.375E+01 4.59047E-21  0.000E+00 ( 2.466E-11,-6.270E-11) ( 2.634E-12,-6.691E-12)  1.00E-07
  1.400E+01 4.28156E-21  0.000E+00 ( 2.470E-11,-6.018E-11) ( 2.687E-12,-6.541E-12)  1.00E-07
  1.425E+01 3.99855E-21  0.000E+00 ( 2.470E-11,-5.779E-11) ( 2.736E-12,-6.396E-12)  1.00E-07
  1.450E+01 3.73884E-21  0.000E+00 ( 2.467E-11,-5.553E-11) ( 2.781E-12,-6.255E-12)  1.00E-07
  1.475E+01 3.50017E-21  0.000E+00 ( 2.462E-11,-5.337E-11) ( 2.823E-12,-6.118E-12)  1.00E-07
  1.500E+01 3.28051E-21  0.000E+00 ( 2.453E-11,-5.133E-11) ( 2.862E-12,-5.985E-12)  1.00E-07
  1.525E+01 3.07806E-21  0.000E+00 ( 2.443E-11,-4.938E-11) ( 2.898E-12,-5.856E-12)  1.00E-07
  1.550E+01 2.89120E-21  0.000E+00 ( 2.430E-11,-4.753E-11) ( 2.931E-12,-5.730E-12)  1.00E-07
  1.575E+01 2.71852E-21  0.000E+00 ( 2.416E-11,-4.577E-11) ( 2.961E-12,-5.608E-12)  1.00E-07
  1.600E+01 2.55873E-21  0.000E+00 ( 2.401E-11,-4.408E-11) ( 2.989E-12,-5.490E-12)  1.00E-07
  1.625E+01 2.41068E-21  0.000E+00 ( 2.384E-11,-4.248E-11) ( 3.015E-12,-5.374E-12)  1.00E-07
  1.650E+01 2.27335E-21  0.000E+00 ( 2.365E-11,-4.095E-11) ( 3.039E-12,-5.262E-12)  1.00E-07
  1.675E+01 2.14581E-21  0.000E+00 ( 2.346E-11,-3.949E-11) ( 3.061E-12,-5.153E-12)  1.00E-07
  1.700E+01 2.02723E-21  0.000E+00 ( 2.326E-11,-3.809E-11) ( 3.081E-12,-5.047E-12)  1.00E-07
  1.725E+01 1.91686E-21  0.000E+00 ( 2.306E-11,-3.676E-11) ( 3.099E-12,-4.943E-12)  1.00E-07
  1.750E+01 1.81402E-21  0.000E+00 ( 2.284E-11,-3.548E-11) ( 3.116E-12,-4.843E-12)  1.00E-07
  1.775E+01 1.71809E-21  0.000E+00 ( 2.262E-11,-3.426E-11) ( 3.131E-12,-4.745E-12)  1.00E-07
  1.800E+01 1.62853E-21  0.000E+00 ( 2.240E-11,-3.310E-11) ( 3.144E-12,-4.649E-12)  1.00E-07
  1.825E+01 1.54482E-21  0.000E+00 ( 2.217E-11,-3.198E-11) ( 3.156E-12,-4.556E-12)  1.00E-07
  1.850E+01 1.46651E-21  0.000E+00 ( 2.194E-11,-3.091E-11) ( 3.167E-12,-4.465E-12)  1.00E-07
  1.875E+01 1.39319E-21  0.000E+00 ( 2.171E-11,-2.988E-11) ( 3.177E-12,-4.377E-12)  1.00E-07
  1.900E+01 1.32447E-21 -1.554E-04 ( 2.147E-11,-2.889E-11) ( 3.185E-12,-4.290E-12)  1.00E-07
  1.925E+01 1.26001E-21 -1.728E-04 ( 2.124E-11,-2.795E-11) ( 3.193E-12,-4.206E-12)  1.00E-07
  1.950E+01 1.19949E-21 -1.909E-04 ( 2.100E-11,-2.704E-11) ( 3.199E-12,-4.124E-12)  1.00E-07
  1.975E+01 1.14262E-21 -2.097E-04 ( 2.077E-11,-2.617E-11) ( 3.204E-12,-4.044E-12)  1.00E-07
  2.000E+01 1.08915E-21 -2.291E-04 ( 2.053E-11,-2.533E-11) ( 3.209E-12,-3.966E-12)  1.00E-07
  2.025E+01 1.03882E-21 -2.492E-04 ( 2.029E-11,-2.453E-11) ( 3.212E-12,-3.889E-12)  1.00E-07
  2.050E+01 9.91421E-22 -2.700E-04 ( 2.006E-11,-2.375E-11) ( 3.215E-12,-3.815E-12)  1.00E-07
  2.075E+01 9.46742E-22 -2.914E-04 ( 1.982E-11,-2.301E-11) ( 3.217E-12,-3.742E-12)  1.00E-07
  2.100E+01 9.04598E-22 -3.136E-04 ( 1.959E-11,-2.229E-11) ( 3.219E-12,-3.670E-12)  1.00E-07
  2.125E+01 8.64817E-22 -3.364E-04 ( 1.936E-11,-2.161E-11) ( 3.219E-12,-3.601E-12)  1.00E-07
  2.150E+01 8.27239E-22 -3.600E-04 ( 1.913E-11,-2.094E-11) ( 3.219E-12,-3.533E-12)  1.00E-07
  2.175E+01 7.91718E-22 -3.842E-04 ( 1.890E-11,-2.030E-11) ( 3.219E-12,-3.467E-12)  1.00E-07
  2.200E+01 7.58120E-22 -4.092E-04 ( 1.867E-11,-1.969E-11) ( 3.217E-12,-3.402E-12)  1.00E-07
  2.225E+01 7.26319E-22 -4.348E-04 ( 1.844E-11,-1.910E-11) ( 3.216E-12,-3.338E-12)  1.00E-07
  2.250E+01 6.96200E-22 -4.612E-04 ( 1.822E-11,-1.853E-11) ( 3.213E-12,-3.276E-12)  1.00E-07
  2.275E+01 6.67656E-22 -4.883E-04 ( 1.800E-11,-1.797E-11) ( 3.211E-12,-3.215E-12)  1.00E-07
  2.300E+01 6.40588E-22 -5.161E-04 ( 1.778E-11,-1.744E-11) ( 3.207E-12,-3.156E-12)  1.00E-07
  2.325E+01 6.14905E-22 -5.446E-04 ( 1.756E-11,-1.693E-11) ( 3.204E-12,-3.098E-12)  1.00E-07
  2.350E+01 5.90522E-22 -5.739E-04 ( 1.735E-11,-1.643E-11) ( 3.200E-12,-3.041E-12)  1.00E-07
  2.375E+01 5.67359E-22 -6.039E-04 ( 1.714E-11,-1.596E-11) ( 3.195E-12,-2.985E-12)  1.00E-07
  2.400E+01 5.45343E-22 -6.346E-04 ( 1.693E-11,-1.549E-11) ( 3.190E-12,-2.931E-12)  1.00E-07
  2.425E+01 5.24405E-22 -6.661E-04 ( 1.672E-11,-1.505E-11) ( 3.185E-12,-2.877E-12)  1.00E-07
  2.450E+01 5.04483E-22 -6.983E-04 ( 1.651E-11,-1.462E-11) ( 3.180E-12,-2.825E-12)  1.00E-07
  2.475E+01 4.85517E-22 -7.313E-04 ( 1.631E-11,-1.420E-11) ( 3.174E-12,-2.774E-12)  1.00E-07
  2.500E+01 4.67452E-22 -7.650E-04 ( 1.611E-11,-1.380E-11) ( 3.168E-12,-2.723E-12)  1.00E-07
  2.550E+01 4.33822E-22 -8.347E-04 ( 1.572E-11,-1.303E-11) ( 3.155E-12,-2.626E-12)  1.00E-07
  2.600E+01 4.03220E-22 -9.074E-04 ( 1.534E-11,-1.231E-11) ( 3.141E-12,-2.533E-12)  1.00E-07
  2.650E+01 3.75322E-22 -9.831E-04 ( 1.497E-11,-1.164E-11) ( 3.126E-12,-2.443E-12)  1.00E-07
  2.700E+01 3.49842E-22 -1.062E-03 ( 1.461E-11,-1.101E-11) ( 3.110E-12,-2.357E-12)  1.00E-07
  2.750E+01 3.26530E-22 -1.144E-03 ( 1.426E-11,-1.042E-11) ( 3.094E-12,-2.274E-12)  1.00E-07
  2.800E+01 3.05166E-22 -1.229E-03 ( 1.391E-11,-9.862E-12) ( 3.077E-12,-2.194E-12)  1.00E-07
  2.850E+01 2.85555E-22 -1.317E-03 ( 1.358E-11,-9.339E-12) ( 3.059E-12,-2.117E-12)  1.00E-07
  2.900E+01 2.67525E-22 -1.408E-03 ( 1.326E-11,-8.847E-12) ( 3.041E-12,-2.043E-12)  1.00E-07
  2.950E+01 2.50924E-22 -1.502E-03 ( 1.295E-11,-8.384E-12) ( 3.022E-12,-1.972E-12)  1.00E-07
  3.000E+01 2.35617E-22 -1.600E-03 ( 1.264E-11,-7.947E-12) ( 3.004E-12,-1.903E-12)  1.00E-07
  3.050E+01 2.21482E-22 -1.701E-03 ( 1.235E-11,-7.535E-12) ( 2.985E-12,-1.837E-12)  1.00E-07
  3.100E+01 2.08412E-22 -1.804E-03 ( 1.206E-11,-7.146E-12) ( 2.965E-12,-1.773E-12)  1.00E-07
  3.150E+01 1.96310E-22 -1.911E-03 ( 1.178E-11,-6.779E-12) ( 2.945E-12,-1.711E-12)  1.00E-07
  3.200E+01 1.85092E-22 -2.021E-03 ( 1.151E-11,-6.432E-12) ( 2.926E-12,-1.651E-12)  1.00E-07
  3.250E+01 1.74679E-22 -2.135E-03 ( 1.124E-11,-6.104E-12) ( 2.906E-12,-1.594E-12)  1.00E-07
  3.300E+01 1.65003E-22 -2.251E-03 ( 1.099E-11,-5.794E-12) ( 2.885E-12,-1.538E-12)  1.00E-07
  3.350E+01 1.56000E-22 -2.371E-03 ( 1.074E-11,-5.500E-12) ( 2.865E-12,-1.485E-12)  1.00E-07
  3.400E+01 1.47615E-22 -2.494E-03 ( 1.050E-11,-5.221E-12) ( 2.845E-12,-1.433E-12)  1.00E-07
  3.450E+01 1.39796E-22 -2.620E-03 ( 1.026E-11,-4.958E-12) ( 2.825E-12,-1.382E-12)  1.00E-07
  3.500E+01 1.32498E-22 -2.749E-03 ( 1.003E-11,-4.708E-12) ( 2.804E-12,-1.334E-12)  1.00E-07
  3.550E+01 1.25678E-22 -2.881E-03 ( 9.813E-12,-4.470E-12) ( 2.784E-12,-1.287E-12)  1.00E-07
  3.600E+01 1.19300E-22 -3.017E-03 ( 9.597E-12,-4.245E-12) ( 2.763E-12,-1.241E-12)  1.00E-07
  3.650E+01 1.13329E-22 -3.156E-03 ( 9.387E-12,-4.031E-12) ( 2.743E-12,-1.197E-12)  1.00E-07
  3.700E+01 1.07733E-22 -3.298E-03 ( 9.183E-12,-3.828E-12) ( 2.722E-12,-1.154E-12)  1.00E-07
  3.750E+01 1.02485E-22 -3.443E-03 ( 8.985E-12,-3.635E-12) ( 2.702E-12,-1.113E-12)  1.00E-07
  3.800E+01 9.75573E-23 -3.592E-03 ( 8.792E-12,-3.452E-12) ( 2.682E-12,-1.073E-12)  1.00E-07
  3.850E+01 9.29277E-23 -3.744E-03 ( 8.604E-12,-3.277E-12) ( 2.661E-12,-1.034E-12)  1.00E-07
  3.900E+01 8.85741E-23 -3.898E-03 ( 8.422E-12,-3.111E-12) ( 2.641E-12,-9.963E-13)  1.00E-07
  3.950E+01 8.44767E-23 -4.057E-03 ( 8.244E-12,-2.953E-12) ( 2.621E-12,-9.597E-13)  1.00E-07
  4.000E+01 8.06172E-23 -4.218E-03 ( 8.071E-12,-2.803E-12) ( 2.601E-12,-9.243E-13)  1.00E-07
  4.050E+01 7.69791E-23 -4.382E-03 ( 7.903E-12,-2.659E-12) ( 2.581E-12,-8.899E-13)  1.00E-07
  4.100E+01 7.35471E-23 -4.550E-03 ( 7.739E-12,-2.523E-12) ( 2.561E-12,-8.566E-13)  1.00E-07
  4.150E+01 7.03071E-23 -4.721E-03 ( 7.579E-12,-2.393E-12) ( 2.542E-12,-8.242E-13)  1.00E-07
  4.200E+01 6.72461E-23 -4.895E-03 ( 7.424E-12,-2.268E-12) ( 2.522E-12,-7.928E-13)  1.00E-07
  4.250E+01 6.43522E-23 -5.073E-03 ( 7.272E-12,-2.150E-12) ( 2.502E-12,-7.623E-13)  1.00E-07
  4.300E+01 6.16145E-23 -5.253E-03 ( 7.125E-12,-2.037E-12) ( 2.483E-12,-7.326E-13)  1.00E-07
  4.350E+01 5.90227E-23 -5.437E-03 ( 6.981E-12,-1.929E-12) ( 2.464E-12,-7.039E-13)  1.00E-07
  4.400E+01 5.65674E-23 -5.624E-03 ( 6.841E-12,-1.827E-12) ( 2.444E-12,-6.759E-13)  1.00E-07
  4.450E+01 5.42401E-23 -5.814E-03 ( 6.704E-12,-1.728E-12) ( 2.425E-12,-6.488E-13)  1.00E-07
  4.500E+01 5.20326E-23 -6.007E-03 ( 6.571E-12,-1.635E-12) ( 2.407E-12,-6.224E-13)  1.00E-07
  4.550E+01 4.99375E-23 -6.204E-03 ( 6.442E-12,-1.545E-12) ( 2.388E-12,-5.967E-13)  1.00E-07
  4.600E+01 4.79480E-23 -6.404E-03 ( 6.315E-12,-1.459E-12) ( 2.369E-12,-5.718E-13)  1.00E-07
  4.650E+01 4.60575E-23 -6.607E-03 ( 6.191E-12,-1.378E-12) ( 2.351E-12,-5.476E-13)  1.00E-07
  4.700E+01 4.42601E-23 -6.813E-03 ( 6.071E-12,-1.300E-12) ( 2.332E-12,-5.240E-13)  1.00E-07
  4.750E+01 4.25503E-23 -7.022E-03 ( 5.954E-12,-1.225E-12) ( 2.314E-12,-5.011E-13)  1.00E-07
  4.800E+01 4.09230E-23 -7.235E-03 ( 5.839E-12,-1.153E-12) ( 2.296E-12,-4.788E-13)  1.00E-07
  4.850E+01 3.93733E-23 -7.450E-03 ( 5.727E-12,-1.085E-12) ( 2.278E-12,-4.572E-13)  1.00E-07
  4.900E+01 3.78967E-23 -7.669E-03 ( 5.618E-12,-1.020E-12) ( 2.260E-12,-4.361E-13)  1.00E-07
  4.950E+01 3.64892E-23 -7.891E-03 ( 5.511E-12,-9.572E-13) ( 2.242E-12,-4.156E-13)  1.00E-07
  5.000E+01 3.51467E-23 -8.117E-03 ( 5.407E-12,-8.975E-13) ( 2.225E-12,-3.956E-13)  1.00E-07
  5.050E+01 3.38658E-23 -8.345E-03 ( 5.305E-12,-8.403E-13) ( 2.207E-12,-3.762E-13)  1.00E-07
  5.100E+01 3.26428E-23 -8.577E-03 ( 5.206E-12,-7.855E-13) ( 2.190E-12,-3.573E-13)  1.00E-07
  5.150E+01 3.14748E-23 -8.812E-03 ( 5.109E-12,-7.331E-13) ( 2.173E-12,-3.389E-13)  1.00E-07
  5.200E+01 3.03587E-23 -9.050E-03 ( 5.014E-12,-6.830E-13) ( 2.156E-12,-3.210E-13)  1.00E-07
  5.250E+01 2.92917E-23 -9.291E-03 ( 4.922E-12,-6.350E-13) ( 2.139E-12,-3.036E-13)  1.00E-07
  5.300E+01 2.82712E-23 -9.536E-03 ( 4.831E-12,-5.891E-13) ( 2.122E-12,-2.866E-13)  1.00E-07
  5.350E+01 2.72948E-23 -9.783E-03 ( 4.743E-12,-5.451E-13) ( 2.105E-12,-2.701E-13)  1.00E-07
  5.400E+01 2.63601E-23 -1.003E-02 ( 4.656E-12,-5.030E-13) ( 2.089E-12,-2.541E-13)  1.00E-07
  5.450E+01 2.54650E-23 -1.029E-02 ( 4.571E-12,-4.627E-13) ( 2.073E-12,-2.384E-13)  1.00E-07
  5.500E+01 2.46075E-23 -1.055E-02 ( 4.489E-12,-4.241E-13) ( 2.056E-12,-2.232E-13)  1.00E-07
  5.550E+01 2.37857E-23 -1.081E-02 ( 4.408E-12,-3.871E-13) ( 2.040E-12,-2.083E-13)  1.00E-07
  5.600E+01 2.29978E-23 -1.107E-02 ( 4.329E-12,-3.517E-13) ( 2.024E-12,-1.939E-13)  1.00E-07
  5.650E+01 2.22420E-23 -1.134E-02 ( 4.251E-12,-3.178E-13) ( 2.008E-12,-1.798E-13)  1.00E-07
  5.700E+01 2.15169E-23 -1.161E-02 ( 4.176E-12,-2.854E-13) ( 1.993E-12,-1.661E-13)  1.00E-07
  5.750E+01 2.08209E-23 -1.188E-02 ( 4.102E-12,-2.543E-13) ( 1.977E-12,-1.527E-13)  1.00E-07
  5.800E+01 2.01525E-23 -1.216E-02 ( 4.029E-12,-2.246E-13) ( 1.962E-12,-1.397E-13)  1.00E-07
  5.850E+01 1.95106E-23 -1.244E-02 ( 3.958E-12,-1.961E-13) ( 1.946E-12,-1.271E-13)  1.00E-07
  5.900E+01 1.88937E-23 -1.272E-02 ( 3.889E-12,-1.688E-13) ( 1.931E-12,-1.147E-13)  1.00E-07
  5.950E+01 1.83007E-23 -1.301E-02 ( 3.821E-12,-1.427E-13) ( 1.916E-12,-1.027E-13)  1.00E-07
  6.000E+01 1.77306E-23 -1.330E-02 ( 3.754E-12,-1.177E-13) ( 1.901E-12,-9.102E-14)  1.00E-07
  6.050E+01 1.71822E-23 -1.359E-02 ( 3.689E-12,-9.382E-14) ( 1.886E-12,-7.963E-14)  1.00E-07
  6.100E+01 1.66545E-23 -1.389E-02 ( 3.625E-12,-7.094E-14) ( 1.872E-12,-6.852E-14)  1.00E-07
  6.150E+01 1.61466E-23 -1.419E-02 ( 3.563E-12,-4.904E-14) ( 1.857E-12,-5.771E-14)  1.00E-07
  6.200E+01 1.56577E-23 -1.449E-02 ( 3.501E-12,-2.808E-14) ( 1.843E-12,-4.717E-14)  1.00E-07
  6.250E+01 1.51867E-23 -1.480E-02 ( 3.441E-12,-8.037E-15) ( 1.828E-12,-3.692E-14)  1.00E-07
  6.300E+01 1.47331E-23 -1.510E-02 ( 3.383E-12, 1.114E-14) ( 1.814E-12,-2.692E-14)  1.00E-07
  6.350E+01 1.42959E-23 -1.542E-02 ( 3.325E-12, 2.947E-14) ( 1.800E-12,-1.719E-14)  1.00E-07
  6.400E+01 1.38744E-23 -1.573E-02 ( 3.268E-12, 4.701E-14) ( 1.786E-12,-7.711E-15)  1.00E-07
  6.450E+01 1.34681E-23 -1.605E-02 ( 3.213E-12, 6.377E-14) ( 1.772E-12, 1.521E-15)  1.00E-07
  6.500E+01 1.30761E-23 -1.638E-02 ( 3.159E-12, 7.979E-14) ( 1.758E-12, 1.051E-14)  1.00E-07
  6.550E+01 1.26980E-23 -1.670E-02 ( 3.106E-12, 9.509E-14) ( 1.744E-12, 1.927E-14)  1.00E-07
  6.600E+01 1.23331E-23 -1.703E-02 ( 3.054E-12, 1.097E-13) ( 1.731E-12, 2.779E-14)  1.00E-07
  6.650E+01 1.19808E-23 -1.737E-02 ( 3.002E-12, 1.237E-13) ( 1.717E-12, 3.609E-14)  1.00E-07
  6.700E+01 1.16407E-23 -1.770E-02 ( 2.952E-12, 1.370E-13) ( 1.704E-12, 4.417E-14)  1.00E-07
  6.750E+01 1.13122E-23 -1.804E-02 ( 2.903E-12, 1.497E-13) ( 1.691E-12, 5.204E-14)  1.00E-07
  6.800E+01 1.09948E-23 -1.838E-02 ( 2.855E-12, 1.619E-13) ( 1.678E-12, 5.970E-14)  1.00E-07
  6.850E+01 1.06882E-23 -1.873E-02 ( 2.808E-12, 1.734E-13) ( 1.665E-12, 6.716E-14)  1.00E-07
  6.900E+01 1.03918E-23 -1.908E-02 ( 2.761E-12, 1.844E-13) ( 1.652E-12, 7.442E-14)  1.00E-07
  6.950E+01 1.01052E-23 -1.944E-02 ( 2.716E-12, 1.950E-13) ( 1.639E-12, 8.148E-14)  1.00E-07
  7.000E+01 9.82813E-24 -1.979E-02 ( 2.671E-12, 2.050E-13) ( 1.626E-12, 8.836E-14)  1.00E-07
  7.050E+01 9.56011E-24 -2.015E-02 ( 2.627E-12, 2.145E-13) ( 1.613E-12, 9.504E-14)  1.00E-07
  7.100E+01 9.30080E-24 -2.052E-02 ( 2.584E-12, 2.235E-13) ( 1.601E-12, 1.016E-13)  1.00E-07
  7.150E+01 9.04987E-24 -2.089E-02 ( 2.542E-12, 2.322E-13) ( 1.588E-12, 1.079E-13)  1.00E-07
  7.200E+01 8.80698E-24 -2.126E-02 ( 2.501E-12, 2.403E-13) ( 1.576E-12, 1.140E-13)  1.00E-07
  7.250E+01 8.57184E-24 -2.163E-02 ( 2.460E-12, 2.481E-13) ( 1.564E-12, 1.200E-13)  1.00E-07
  7.300E+01 8.34414E-24 -2.201E-02 ( 2.420E-12, 2.555E-13) ( 1.551E-12, 1.259E-13)  1.00E-07
  7.350E+01 8.12360E-24 -2.239E-02 ( 2.381E-12, 2.625E-13) ( 1.539E-12, 1.315E-13)  1.00E-07
  7.400E+01 7.90995E-24 -2.278E-02 ( 2.342E-12, 2.691E-13) ( 1.527E-12, 1.370E-13)  1.00E-07
  7.450E+01 7.70292E-24 -2.317E-02 ( 2.304E-12, 2.754E-13) ( 1.515E-12, 1.424E-13)  1.00E-07
  7.500E+01 7.50228E-24 -2.356E-02 ( 2.267E-12, 2.813E-13) ( 1.504E-12, 1.476E-13)  1.00E-07
  7.550E+01 7.30779E-24 -2.396E-02 ( 2.231E-12, 2.869E-13) ( 1.492E-12, 1.526E-13)  1.00E-07
  7.600E+01 7.11921E-24 -2.436E-02 ( 2.195E-12, 2.921E-13) ( 1.480E-12, 1.575E-13)  1.00E-07
  7.650E+01 6.93634E-24 -2.476E-02 ( 2.160E-12, 2.971E-13) ( 1.469E-12, 1.623E-13)  1.00E-07
  7.700E+01 6.75896E-24 -2.517E-02 ( 2.125E-12, 3.018E-13) ( 1.457E-12, 1.669E-13)  1.00E-07
  7.750E+01 6.58689E-24 -2.559E-02 ( 2.091E-12, 3.062E-13) ( 1.446E-12, 1.714E-13)  1.00E-07
  7.800E+01 6.41991E-24 -2.600E-02 ( 2.058E-12, 3.103E-13) ( 1.435E-12, 1.757E-13)  1.00E-07
  7.850E+01 6.25787E-24 -2.642E-02 ( 2.025E-12, 3.142E-13) ( 1.423E-12, 1.800E-13)  1.00E-07
  7.900E+01 6.10058E-24 -2.685E-02 ( 1.993E-12, 3.178E-13) ( 1.412E-12, 1.841E-13)  1.00E-07
  7.950E+01 5.94787E-24 -2.727E-02 ( 1.961E-12, 3.211E-13) ( 1.401E-12, 1.880E-13)  1.00E-07
  8.000E+01 5.79958E-24 -2.771E-02 ( 1.930E-12, 3.242E-13) ( 1.390E-12, 1.919E-13)  1.00E-07
  8.050E+01 5.65557E-24 -2.814E-02 ( 1.900E-12, 3.271E-13) ( 1.379E-12, 1.956E-13)  1.00E-07
  8.100E+01 5.51567E-24 -2.858E-02 ( 1.869E-12, 3.298E-13) ( 1.368E-12, 1.992E-13)  1.00E-07
  8.150E+01 5.37976E-24 -2.903E-02 ( 1.840E-12, 3.323E-13) ( 1.358E-12, 2.027E-13)  1.00E-07
  8.200E+01 5.24770E-24 -2.947E-02 ( 1.811E-12, 3.346E-13) ( 1.347E-12, 2.061E-13)  1.00E-07
  8.250E+01 5.11935E-24 -2.993E-02 ( 1.782E-12, 3.366E-13) ( 1.336E-12, 2.094E-13)  1.00E-07
  8.300E+01 4.99459E-24 -3.038E-02 ( 1.754E-12, 3.385E-13) ( 1.326E-12, 2.126E-13)  1.00E-07
  8.350E+01 4.87331E-24 -3.084E-02 ( 1.727E-12, 3.402E-13) ( 1.315E-12, 2.156E-13)  1.00E-07
  8.400E+01 4.75537E-24 -3.131E-02 ( 1.699E-12, 3.418E-13) ( 1.305E-12, 2.186E-13)  1.00E-07
  8.450E+01 4.64069E-24 -3.178E-02 ( 1.673E-12, 3.431E-13) ( 1.295E-12, 2.215E-13)  1.00E-07
  8.500E+01 4.52914E-24 -3.225E-02 ( 1.646E-12, 3.443E-13) ( 1.284E-12, 2.242E-13)  1.00E-07
  8.550E+01 4.42062E-24 -3.273E-02 ( 1.621E-12, 3.454E-13) ( 1.274E-12, 2.269E-13)  1.00E-07
  8.600E+01 4.31504E-24 -3.321E-02 ( 1.595E-12, 3.463E-13) ( 1.264E-12, 2.295E-13)  1.00E-07
  8.650E+01 4.21230E-24 -3.370E-02 ( 1.570E-12, 3.470E-13) ( 1.254E-12, 2.319E-13)  1.00E-07
  8.700E+01 4.11232E-24 -3.419E-02 ( 1.546E-12, 3.477E-13) ( 1.244E-12, 2.343E-13)  1.00E-07
  8.750E+01 4.01499E-24 -3.469E-02 ( 1.522E-12, 3.482E-13) ( 1.234E-12, 2.366E-13)  1.00E-07
  8.800E+01 3.92025E-24 -3.519E-02 ( 1.498E-12, 3.485E-13) ( 1.224E-12, 2.388E-13)  1.00E-07
  8.850E+01 3.82800E-24 -3.569E-02 ( 1.474E-12, 3.487E-13) ( 1.214E-12, 2.409E-13)  1.00E-07
  8.900E+01 3.73817E-24 -3.620E-02 ( 1.451E-12, 3.489E-13) ( 1.205E-12, 2.429E-13)  1.00E-07
  8.950E+01 3.65068E-24 -3.672E-02 ( 1.429E-12, 3.489E-13) ( 1.195E-12, 2.449E-13)  1.00E-07
  9.000E+01 3.56546E-24 -3.724E-02 ( 1.406E-12, 3.488E-13) ( 1.185E-12, 2.468E-13)  1.00E-07
  9.050E+01 3.48244E-24 -3.776E-02 ( 1.384E-12, 3.485E-13) ( 1.176E-12, 2.485E-13)  1.00E-07
  9.100E+01 3.40156E-24 -3.829E-02 ( 1.363E-12, 3.482E-13) ( 1.166E-12, 2.502E-13)  1.00E-07
  9.150E+01 3.32274E-24 -3.883E-02 ( 1.342E-12, 3.478E-13) ( 1.157E-12, 2.519E-13)  1.00E-07
  9.200E+01 3.24593E-24 -3.937E-02 ( 1.321E-12, 3.473E-13) ( 1.148E-12, 2.534E-13)  1.00E-07
  9.250E+01 3.17106E-24 -3.991E-02 ( 1.300E-12, 3.467E-13) ( 1.138E-12, 2.549E-13)  1.00E-07
  9.300E+01 3.09808E-24 -4.046E-02 ( 1.280E-12, 3.460E-13) ( 1.129E-12, 2.563E-13)  1.00E-07
  9.350E+01 3.02693E-24 -4.102E-02 ( 1.260E-12, 3.453E-13) ( 1.120E-12, 2.576E-13)  1.00E-07
  9.400E+01 2.95755E-24 -4.158E-02 ( 1.240E-12, 3.444E-13) ( 1.111E-12, 2.589E-13)  1.00E-07
  9.450E+01 2.88990E-24 -4.215E-02 ( 1.221E-12, 3.435E-13) ( 1.102E-12, 2.601E-13)  1.00E-07
  9.500E+01 2.82392E-24 -4.272E-02 ( 1.202E-12, 3.425E-13) ( 1.093E-12, 2.612E-13)  1.00E-07
  9.550E+01 2.75956E-24 -4.330E-02 ( 1.183E-12, 3.415E-13) ( 1.084E-12, 2.623E-13)  1.00E-07
  9.600E+01 2.69678E-24 -4.388E-02 ( 1.165E-12, 3.403E-13) ( 1.075E-12, 2.632E-13)  1.00E-07
  9.650E+01 2.63554E-24 -4.447E-02 ( 1.147E-12, 3.391E-13) ( 1.066E-12, 2.642E-13)  1.00E-07
  9.700E+01 2.57577E-24 -4.506E-02 ( 1.129E-12, 3.379E-13) ( 1.057E-12, 2.650E-13)  1.00E-07
  9.750E+01 2.51745E-24 -4.566E-02 ( 1.111E-12, 3.366E-13) ( 1.048E-12, 2.658E-13)  1.00E-07
  9.800E+01 2.46054E-24 -4.627E-02 ( 1.094E-12, 3.352E-13) ( 1.040E-12, 2.666E-13)  1.00E-07
  9.850E+01 2.40499E-24 -4.688E-02 ( 1.077E-12, 3.338E-13) ( 1.031E-12, 2.673E-13)  1.00E-07
  9.900E+01 2.35076E-24 -4.750E-02 ( 1.060E-12, 3.323E-13) ( 1.022E-12, 2.679E-13)  1.00E-07
  9.950E+01 2.29782E-24 -4.812E-02 ( 1.043E-12, 3.308E-13) ( 1.014E-12, 2.684E-13)  1.00E-07
  1.000E+02 2.24614E-24 -4.875E-02 ( 1.027E-12, 3.292E-13) ( 1.005E-12, 2.689E-13)  1.00E-07
  1.005E+02 2.19567E-24 -4.939E-02 ( 1.011E-12, 3.276E-13) ( 9.969E-13, 2.694E-13)  1.00E-07
  1.010E+02 2.14638E-24 -5.003E-02 ( 9.952E-13, 3.259E-13) ( 9.884E-13, 2.698E-13)  1.00E-07
  1.015E+02 2.09825E-24 -5.068E-02 ( 9.796E-13, 3.242E-13) ( 9.801E-13, 2.701E-13)  1.00E-07
  1.020E+02 2.05124E-24 -5.134E-02 ( 9.642E-13, 3.225E-13) ( 9.718E-13, 2.704E-13)  1.00E-07
  1.025E+02 2.00531E-24 -5.200E-02 ( 9.491E-13, 3.207E-13) ( 9.635E-13, 2.706E-13)  1.00E-07
  1.030E+02 1.96045E-24 -5.267E-02 ( 9.342E-13, 3.189E-13) ( 9.553E-13, 2.708E-13)  1.00E-07
  1.035E+02 1.91661E-24 -5.335E-02 ( 9.196E-13, 3.171E-13) ( 9.471E-13, 2.710E-13)  1.00E-07
  1.040E+02 1.87378E-24 -5.403E-02 ( 9.051E-13, 3.152E-13) ( 9.390E-13, 2.710E-13)  1.00E-07
  1.045E+02 1.83193E-24 -5.472E-02 ( 8.909E-13, 3.133E-13) ( 9.309E-13, 2.711E-13)  1.00E-07
  1.050E+02 1.79103E-24 -5.542E-02 ( 8.769E-13, 3.114E-13) ( 9.229E-13, 2.711E-13)  1.00E-07
  1.055E+02 1.75105E-24 -5.613E-02 ( 8.631E-13, 3.094E-13) ( 9.149E-13, 2.710E-13)  1.00E-07
  1.060E+02 1.71198E-24 -5.684E-02 ( 8.495E-13, 3.074E-13) ( 9.069E-13, 2.709E-13)  1.00E-07
  1.065E+02 1.67378E-24 -5.756E-02 ( 8.361E-13, 3.054E-13) ( 8.990E-13, 2.708E-13)  1.00E-07
  1.070E+02 1.63644E-24 -5.829E-02 ( 8.229E-13, 3.034E-13) ( 8.911E-13, 2.706E-13)  1.00E-07
  1.075E+02 1.59993E-24 -5.903E-02 ( 8.099E-13, 3.013E-13) ( 8.833E-13, 2.703E-13)  1.00E-07
  1.080E+02 1.56424E-24 -5.977E-02 ( 7.970E-13, 2.992E-13) ( 8.755E-13, 2.700E-13)  1.00E-07
  1.085E+02 1.52933E-24 -6.053E-02 ( 7.844E-13, 2.972E-13) ( 8.677E-13, 2.697E-13)  1.00E-07
  1.090E+02 1.49520E-24 -6.129E-02 ( 7.720E-13, 2.950E-13) ( 8.600E-13, 2.694E-13)  1.00E-07
  1.095E+02 1.46182E-24 -6.206E-02 ( 7.597E-13, 2.929E-13) ( 8.524E-13, 2.689E-13)  1.00E-07
  1.100E+02 1.42917E-24 -6.283E-02 ( 7.476E-13, 2.908E-13) ( 8.447E-13, 2.685E-13)  1.00E-07
  1.105E+02 1.39723E-24 -6.362E-02 ( 7.357E-13, 2.886E-13) ( 8.371E-13, 2.680E-13)  1.00E-07
  1.110E+02 1.36599E-24 -6.442E-02 ( 7.240E-13, 2.865E-13) ( 8.296E-13, 2.675E-13)  1.00E-07
  1.115E+02 1.33543E-24 -6.522E-02 ( 7.124E-13, 2.843E-13) ( 8.221E-13, 2.669E-13)  1.00E-07
  1.120E+02 1.30552E-24 -6.604E-02 ( 7.011E-13, 2.821E-13) ( 8.146E-13, 2.663E-13)  1.00E-07
  1.125E+02 1.27627E-24 -6.686E-02 ( 6.898E-13, 2.799E-13) ( 8.071E-13, 2.657E-13)  1.00E-07
  1.130E+02 1.24764E-24 -6.769E-02 ( 6.788E-13, 2.777E-13) ( 7.997E-13, 2.650E-13)  1.00E-07
  1.135E+02 1.21963E-24 -6.854E-02 ( 6.679E-13, 2.755E-13) ( 7.923E-13, 2.643E-13)  1.00E-07
  1.140E+02 1.19222E-24 -6.939E-02 ( 6.572E-13, 2.733E-13) ( 7.850E-13, 2.635E-13)  1.00E-07
  1.145E+02 1.16539E-24 -7.025E-02 ( 6.466E-13, 2.711E-13) ( 7.777E-13, 2.628E-13)  1.00E-07
  1.150E+02 1.13914E-24 -7.113E-02 ( 6.361E-13, 2.689E-13) ( 7.704E-13, 2.619E-13)  1.00E-07
  1.155E+02 1.11344E-24 -7.201E-02 ( 6.259E-13, 2.666E-13) ( 7.632E-13, 2.611E-13)  1.00E-07
  1.160E+02 1.08828E-24 -7.290E-02 ( 6.157E-13, 2.644E-13) ( 7.560E-13, 2.602E-13)  1.00E-07
  1.165E+02 1.06366E-24 -7.381E-02 ( 6.058E-13, 2.622E-13) ( 7.488E-13, 2.593E-13)  1.00E-07
  1.170E+02 1.03955E-24 -7.473E-02 ( 5.959E-13, 2.599E-13) ( 7.417E-13, 2.583E-13)  1.00E-07
  1.175E+02 1.01595E-24 -7.565E-02 ( 5.863E-13, 2.577E-13) ( 7.346E-13, 2.574E-13)  1.00E-07
  1.180E+02 9.92844E-25 -7.659E-02 ( 5.767E-13, 2.555E-13) ( 7.275E-13, 2.563E-13)  1.00E-07
  1.185E+02 9.70221E-25 -7.755E-02 ( 5.673E-13, 2.532E-13) ( 7.205E-13, 2.553E-13)  1.00E-07
  1.190E+02 9.48070E-25 -7.851E-02 ( 5.580E-13, 2.510E-13) ( 7.135E-13, 2.542E-13)  1.00E-07
  1.195E+02 9.26379E-25 -7.949E-02 ( 5.489E-13, 2.488E-13) ( 7.065E-13, 2.531E-13)  1.00E-07
  1.200E+02 9.05138E-25 -8.047E-02 ( 5.399E-13, 2.466E-13) ( 6.995E-13, 2.520E-13)  1.00E-07
  1.205E+02 8.84338E-25 -8.148E-02 ( 5.310E-13, 2.443E-13) ( 6.926E-13, 2.508E-13)  1.00E-07
  1.210E+02 8.63967E-25 -8.249E-02 ( 5.223E-13, 2.421E-13) ( 6.857E-13, 2.497E-13)  1.00E-07
  1.215E+02 8.44016E-25 -8.352E-02 ( 5.137E-13, 2.399E-13) ( 6.789E-13, 2.484E-13)  1.00E-07
  1.220E+02 8.24477E-25 -8.456E-02 ( 5.052E-13, 2.377E-13) ( 6.720E-13, 2.472E-13)  1.00E-07
  1.225E+02 8.05338E-25 -8.561E-02 ( 4.968E-13, 2.355E-13) ( 6.653E-13, 2.459E-13)  1.00E-07
  1.230E+02 7.86593E-25 -8.668E-02 ( 4.886E-13, 2.333E-13) ( 6.585E-13, 2.446E-13)  1.00E-07
  1.235E+02 7.68231E-25 -8.777E-02 ( 4.805E-13, 2.311E-13) ( 6.517E-13, 2.433E-13)  1.00E-07
  1.240E+02 7.50244E-25 -8.887E-02 ( 4.725E-13, 2.289E-13) ( 6.450E-13, 2.420E-13)  1.00E-07
  1.245E+02 7.32625E-25 -8.998E-02 ( 4.646E-13, 2.268E-13) ( 6.383E-13, 2.406E-13)  1.00E-07
  1.250E+02 7.15365E-25 -9.111E-02 ( 4.568E-13, 2.246E-13) ( 6.317E-13, 2.392E-13)  1.00E-07
  1.255E+02 6.98456E-25 -9.226E-02 ( 4.492E-13, 2.224E-13) ( 6.250E-13, 2.378E-13)  1.00E-07
  1.260E+02 6.81891E-25 -9.342E-02 ( 4.417E-13, 2.203E-13) ( 6.184E-13, 2.363E-13)  1.00E-07
  1.265E+02 6.65662E-25 -9.460E-02 ( 4.342E-13, 2.182E-13) ( 6.118E-13, 2.349E-13)  1.00E-07
  1.270E+02 6.49763E-25 -9.580E-02 ( 4.269E-13, 2.160E-13) ( 6.053E-13, 2.334E-13)  1.00E-07
  1.275E+02 6.34185E-25 -9.701E-02 ( 4.197E-13, 2.139E-13) ( 5.988E-13, 2.319E-13)  1.00E-07
  1.280E+02 6.18923E-25 -9.824E-02 ( 4.126E-13, 2.118E-13) ( 5.922E-13, 2.303E-13)  1.00E-07
  1.285E+02 6.03970E-25 -9.949E-02 ( 4.056E-13, 2.097E-13) ( 5.858E-13, 2.288E-13)  1.00E-07
  1.290E+02 5.89319E-25 -1.008E-01 ( 3.987E-13, 2.076E-13) ( 5.793E-13, 2.272E-13)  1.00E-07
  1.295E+02 5.74964E-25 -1.021E-01 ( 3.920E-13, 2.056E-13) ( 5.729E-13, 2.256E-13)  1.00E-07
  1.300E+02 5.60899E-25 -1.034E-01 ( 3.853E-13, 2.035E-13) ( 5.665E-13, 2.240E-13)  1.00E-07
  1.305E+02 5.47117E-25 -1.047E-01 ( 3.787E-13, 2.015E-13) ( 5.601E-13, 2.223E-13)  1.00E-07
  1.310E+02 5.33614E-25 -1.060E-01 ( 3.722E-13, 1.994E-13) ( 5.537E-13, 2.207E-13)  1.00E-07
  1.315E+02 5.20383E-25 -1.074E-01 ( 3.658E-13, 1.974E-13) ( 5.474E-13, 2.190E-13)  1.00E-07
  1.320E+02 5.07419E-25 -1.088E-01 ( 3.596E-13, 1.954E-13) ( 5.411E-13, 2.173E-13)  1.00E-07
  1.325E+02 4.94716E-25 -1.102E-01 ( 3.534E-13, 1.934E-13) ( 5.348E-13, 2.156E-13)  1.00E-07
  1.330E+02 4.82269E-25 -1.116E-01 ( 3.473E-13, 1.914E-13) ( 5.285E-13, 2.138E-13)  1.00E-07
  1.335E+02 4.70074E-25 -1.131E-01 ( 3.413E-13, 1.895E-13) ( 5.222E-13, 2.121E-13)  1.00E-07
  1.340E+02 4.58124E-25 -1.146E-01 ( 3.354E-13, 1.875E-13) ( 5.160E-13, 2.103E-13)  1.00E-07
  1.345E+02 4.46417E-25 -1.161E-01 ( 3.296E-13, 1.856E-13) ( 5.098E-13, 2.085E-13)  1.00E-07
  1.350E+02 4.34945E-25 -1.176E-01 ( 3.238E-13, 1.837E-13) ( 5.036E-13, 2.067E-13)  1.00E-07
  1.355E+02 4.23706E-25 -1.192E-01 ( 3.182E-13, 1.818E-13) ( 4.974E-13, 2.048E-13)  1.00E-07
  1.360E+02 4.12694E-25 -1.208E-01 ( 3.127E-13, 1.799E-13) ( 4.913E-13, 2.030E-13)  1.00E-07
  1.365E+02 4.01905E-25 -1.224E-01 ( 3.072E-13, 1.780E-13) ( 4.852E-13, 2.011E-13)  1.00E-07
  1.370E+02 3.91335E-25 -1.240E-01 ( 3.018E-13, 1.762E-13) ( 4.790E-13, 1.992E-13)  1.00E-07
  1.375E+02 3.80980E-25 -1.257E-01 ( 2.965E-13, 1.744E-13) ( 4.730E-13, 1.974E-13)  1.00E-07
  1.380E+02 3.70836E-25 -1.274E-01 ( 2.913E-13, 1.726E-13) ( 4.669E-13, 1.954E-13)  1.00E-07
  1.385E+02 3.60898E-25 -1.291E-01 ( 2.862E-13, 1.708E-13) ( 4.608E-13, 1.935E-13)  1.00E-07
  1.390E+02 3.51163E-25 -1.309E-01 ( 2.812E-13, 1.690E-13) ( 4.548E-13, 1.916E-13)  1.00E-07
  1.395E+02 3.41627E-25 -1.327E-01 ( 2.762E-13, 1.672E-13) ( 4.488E-13, 1.896E-13)  1.00E-07
  1.400E+02 3.32287E-25 -1.345E-01 ( 2.714E-13, 1.655E-13) ( 4.428E-13, 1.876E-13)  1.00E-07
  1.405E+02 3.23139E-25 -1.364E-01 ( 2.666E-13, 1.637E-13) ( 4.368E-13, 1.856E-13)  1.00E-07
  1.410E+02 3.14180E-25 -1.382E-01 ( 2.619E-13, 1.620E-13) ( 4.308E-13, 1.836E-13)  1.00E-07
  1.415E+02 3.05405E-25 -1.402E-01 ( 2.572E-13, 1.603E-13) ( 4.249E-13, 1.816E-13)  1.00E-07
  1.420E+02 2.96813E-25 -1.421E-01 ( 2.527E-13, 1.587E-13) ( 4.190E-13, 1.796E-13)  1.00E-07
  1.425E+02 2.88399E-25 -1.441E-01 ( 2.482E-13, 1.570E-13) ( 4.131E-13, 1.775E-13)  1.00E-07
  1.430E+02 2.80160E-25 -1.462E-01 ( 2.438E-13, 1.554E-13) ( 4.072E-13, 1.755E-13)  1.00E-07
  1.435E+02 2.72094E-25 -1.482E-01 ( 2.395E-13, 1.537E-13) ( 4.013E-13, 1.734E-13)  1.00E-07
  1.440E+02 2.64198E-25 -1.504E-01 ( 2.352E-13, 1.522E-13) ( 3.954E-13, 1.713E-13)  1.00E-07
  1.445E+02 2.56468E-25 -1.525E-01 ( 2.311E-13, 1.506E-13) ( 3.896E-13, 1.692E-13)  1.00E-07
  1.450E+02 2.48902E-25 -1.547E-01 ( 2.270E-13, 1.490E-13) ( 3.837E-13, 1.671E-13)  1.00E-07
  1.455E+02 2.41496E-25 -1.570E-01 ( 2.229E-13, 1.475E-13) ( 3.779E-13, 1.650E-13)  1.00E-07
  1.460E+02 2.34250E-25 -1.593E-01 ( 2.190E-13, 1.460E-13) ( 3.721E-13, 1.628E-13)  1.00E-07
  1.465E+02 2.27159E-25 -1.616E-01 ( 2.151E-13, 1.445E-13) ( 3.663E-13, 1.607E-13)  1.00E-07
  1.470E+02 2.20221E-25 -1.640E-01 ( 2.113E-13, 1.430E-13) ( 3.606E-13, 1.585E-13)  1.00E-07
  1.475E+02 2.13434E-25 -1.664E-01 ( 2.075E-13, 1.415E-13) ( 3.548E-13, 1.564E-13)  1.00E-07
  1.480E+02 2.06795E-25 -1.689E-01 ( 2.039E-13, 1.401E-13) ( 3.491E-13, 1.542E-13)  1.00E-07
  1.485E+02 2.00302E-25 -1.714E-01 ( 2.003E-13, 1.387E-13) ( 3.433E-13, 1.520E-13)  1.00E-07
  1.490E+02 1.93953E-25 -1.740E-01 ( 1.967E-13, 1.373E-13) ( 3.376E-13, 1.498E-13)  1.00E-07
  1.495E+02 1.87745E-25 -1.766E-01 ( 1.932E-13, 1.359E-13) ( 3.319E-13, 1.476E-13)  1.00E-07
  1.500E+02 1.81677E-25 -1.793E-01 ( 1.898E-13, 1.345E-13) ( 3.262E-13, 1.454E-13)  1.00E-07
  1.505E+02 1.75745E-25 -1.820E-01 ( 1.865E-13, 1.332E-13) ( 3.205E-13, 1.431E-13)  1.00E-07
  1.510E+02 1.69949E-25 -1.848E-01 ( 1.832E-13, 1.319E-13) ( 3.149E-13, 1.409E-13)  1.00E-07
  1.515E+02 1.64286E-25 -1.877E-01 ( 1.800E-13, 1.306E-13) ( 3.092E-13, 1.386E-13)  1.00E-07
  1.520E+02 1.58754E-25 -1.906E-01 ( 1.769E-13, 1.293E-13) ( 3.036E-13, 1.364E-13)  1.00E-07
  1.525E+02 1.53351E-25 -1.936E-01 ( 1.738E-13, 1.280E-13) ( 2.979E-13, 1.341E-13)  1.00E-07
  1.530E+02 1.48075E-25 -1.966E-01 ( 1.708E-13, 1.268E-13) ( 2.923E-13, 1.318E-13)  1.00E-07
  1.535E+02 1.42925E-25 -1.997E-01 ( 1.679E-13, 1.256E-13) ( 2.867E-13, 1.295E-13)  1.00E-07
  1.540E+02 1.37899E-25 -2.029E-01 ( 1.650E-13, 1.244E-13) ( 2.811E-13, 1.272E-13)  1.00E-07
  1.545E+02 1.32995E-25 -2.061E-01 ( 1.621E-13, 1.232E-13) ( 2.755E-13, 1.249E-13)  1.00E-07
  1.550E+02 1.28212E-25 -2.094E-01 ( 1.594E-13, 1.221E-13) ( 2.700E-13, 1.226E-13)  1.00E-07
  1.555E+02 1.23547E-25 -2.127E-01 ( 1.567E-13, 1.210E-13) ( 2.644E-13, 1.203E-13)  1.00E-07
  1.560E+02 1.19000E-25 -2.161E-01 ( 1.540E-13, 1.199E-13) ( 2.588E-13, 1.179E-13)  1.00E-07
  1.565E+02 1.14568E-25 -2.196E-01 ( 1.515E-13, 1.188E-13) ( 2.533E-13, 1.156E-13)  1.00E-07
  1.570E+02 1.10251E-25 -2.231E-01 ( 1.489E-13, 1.177E-13) ( 2.478E-13, 1.132E-13)  1.00E-07
  1.575E+02 1.06047E-25 -2.267E-01 ( 1.465E-13, 1.167E-13) ( 2.422E-13, 1.109E-13)  1.00E-07
  1.580E+02 1.01954E-25 -2.304E-01 ( 1.441E-13, 1.157E-13) ( 2.367E-13, 1.085E-13)  1.00E-07
  1.585E+02 9.79707E-26 -2.341E-01 ( 1.418E-13, 1.147E-13) ( 2.312E-13, 1.062E-13)  1.00E-07
  1.590E+02 9.40966E-26 -2.379E-01 ( 1.395E-13, 1.137E-13) ( 2.257E-13, 1.038E-13)  1.00E-07
  1.595E+02 9.03300E-26 -2.417E-01 ( 1.372E-13, 1.128E-13) ( 2.202E-13, 1.014E-13)  1.00E-07
  1.600E+02 8.66698E-26 -2.456E-01 ( 1.351E-13, 1.118E-13) ( 2.147E-13, 9.901E-14)  1.00E-07
  1.605E+02 8.31146E-26 -2.495E-01 ( 1.330E-13, 1.109E-13) ( 2.093E-13, 9.661E-14)  1.00E-07
  1.610E+02 7.96633E-26 -2.534E-01 ( 1.309E-13, 1.101E-13) ( 2.038E-13, 9.421E-14)  1.00E-07
  1.615E+02 7.63148E-26 -2.574E-01 ( 1.289E-13, 1.092E-13) ( 1.983E-13, 9.180E-14)  1.00E-07
  1.620E+02 7.30681E-26 -2.613E-01 ( 1.270E-13, 1.084E-13) ( 1.929E-13, 8.939E-14)  1.00E-07
  1.625E+02 6.99220E-26 -2.653E-01 ( 1.251E-13, 1.075E-13) ( 1.874E-13, 8.697E-14)  1.00E-07
  1.630E+02 6.68755E-26 -2.693E-01 ( 1.233E-13, 1.067E-13) ( 1.820E-13, 8.455E-14)  1.00E-07
  1.635E+02 6.39278E-26 -2.732E-01 ( 1.215E-13, 1.060E-13) ( 1.766E-13, 8.212E-14)  1.00E-07
  1.640E+02 6.10777E-26 -2.771E-01 ( 1.198E-13, 1.052E-13) ( 1.712E-13, 7.968E-14)  1.00E-07
  1.645E+02 5.83245E-26 -2.810E-01 ( 1.182E-13, 1.045E-13) ( 1.657E-13, 7.724E-14)  1.00E-07
  1.650E+02 5.56672E-26 -2.847E-01 ( 1.166E-13, 1.038E-13) ( 1.603E-13, 7.480E-14)  1.00E-07
  1.655E+02 5.31049E-26 -2.883E-01 ( 1.150E-13, 1.031E-13) ( 1.549E-13, 7.235E-14)  1.00E-07
  1.660E+02 5.06369E-26 -2.918E-01 ( 1.135E-13, 1.025E-13) ( 1.495E-13, 6.989E-14)  1.00E-07
  1.665E+02 4.82624E-26 -2.951E-01 ( 1.121E-13, 1.018E-13) ( 1.442E-13, 6.743E-14)  1.00E-07
  1.670E+02 4.59806E-26 -2.981E-01 ( 1.107E-13, 1.012E-13) ( 1.388E-13, 6.497E-14)  1.00E-07
  1.675E+02 4.37908E-26 -3.008E-01 ( 1.094E-13, 1.006E-13) ( 1.334E-13, 6.251E-14)  1.00E-07
  1.680E+02 4.16923E-26 -3.031E-01 ( 1.081E-13, 1.001E-13) ( 1.280E-13, 6.003E-14)  1.00E-07
  1.685E+02 3.96845E-26 -3.051E-01 ( 1.069E-13, 9.952E-14) ( 1.226E-13, 5.756E-14)  1.00E-07
  1.690E+02 3.77666E-26 -3.065E-01 ( 1.057E-13, 9.900E-14) ( 1.173E-13, 5.508E-14)  1.00E-07
  1.695E+02 3.59382E-26 -3.073E-01 ( 1.046E-13, 9.851E-14) ( 1.119E-13, 5.260E-14)  1.00E-07
  1.700E+02 3.41985E-26 -3.074E-01 ( 1.035E-13, 9.803E-14) ( 1.066E-13, 5.012E-14)  1.00E-07
  1.705E+02 3.25472E-26 -3.068E-01 ( 1.025E-13, 9.758E-14) ( 1.012E-13, 4.763E-14)  1.00E-07
  1.710E+02 3.09835E-26 -3.052E-01 ( 1.016E-13, 9.715E-14) ( 9.586E-14, 4.514E-14)  1.00E-07
  1.715E+02 2.95072E-26 -3.025E-01 ( 1.007E-13, 9.675E-14) ( 9.051E-14, 4.265E-14)  1.00E-07
  1.720E+02 2.81177E-26 -2.987E-01 ( 9.982E-14, 9.637E-14) ( 8.517E-14, 4.015E-14)  1.00E-07
  1.725E+02 2.68145E-26 -2.935E-01 ( 9.903E-14, 9.601E-14) ( 7.983E-14, 3.765E-14)  1.00E-07
  1.730E+02 2.55973E-26 -2.869E-01 ( 9.828E-14, 9.567E-14) ( 7.449E-14, 3.515E-14)  1.00E-07
  1.735E+02 2.44657E-26 -2.787E-01 ( 9.758E-14, 9.536E-14) ( 6.916E-14, 3.265E-14)  1.00E-07
  1.740E+02 2.34193E-26 -2.687E-01 ( 9.694E-14, 9.507E-14) ( 6.383E-14, 3.015E-14)  1.00E-07
  1.745E+02 2.24578E-26 -2.568E-01 ( 9.635E-14, 9.480E-14) ( 5.850E-14, 2.764E-14)  1.00E-07
  1.750E+02 2.15809E-26 -2.429E-01 ( 9.581E-14, 9.456E-14) ( 5.318E-14, 2.513E-14)  1.00E-07
  1.755E+02 2.07884E-26 -2.269E-01 ( 9.532E-14, 9.434E-14) ( 4.785E-14, 2.263E-14)  1.00E-07
  1.760E+02 2.00799E-26 -2.087E-01 ( 9.488E-14, 9.414E-14) ( 4.253E-14, 2.012E-14)  1.00E-07
  1.765E+02 1.94553E-26 -1.885E-01 ( 9.450E-14, 9.397E-14) ( 3.721E-14, 1.760E-14)  1.00E-07
  1.770E+02 1.89144E-26 -1.661E-01 ( 9.417E-14, 9.382E-14) ( 3.189E-14, 1.509E-14)  1.00E-07
  1.775E+02 1.84570E-26 -1.419E-01 ( 9.388E-14, 9.369E-14) ( 2.658E-14, 1.258E-14)  1.00E-07
  1.780E+02 1.80829E-26 -1.158E-01 ( 9.365E-14, 9.359E-14) ( 2.126E-14, 1.006E-14)  1.00E-07
  1.785E+02 1.77921E-26 -8.829E-02 ( 9.347E-14, 9.351E-14) ( 1.594E-14, 7.547E-15)  1.00E-07
  1.790E+02 1.75844E-26 -5.955E-02 ( 9.335E-14, 9.345E-14) ( 1.063E-14, 5.032E-15)  1.00E-07
  1.795E+02 1.74599E-26 -2.999E-02 ( 9.327E-14, 9.341E-14) ( 5.315E-15, 2.516E-15)  1.00E-07
  1.800E+02 1.74183E-26 -4.218E-16 ( 9.324E-14, 9.340E-14) ( 7.458E-29, 3.531E-29)  1.00E-07

  **** DPWA0 ENDED ************************************************************

