

  **** PARTIAL WAVE ANALYSIS (DPWA0) ******************************************


  KINETIC ENERGY = 3.70000E+06 eV

  ONLY INNER PHASE SHIFTS ARE TABULATED

      L       PHASE(SPIN UP)     PHASE(SPIN DOWN)
  -----------------------------------------------
       0     -4.12890392E-05      0.00000000E+00
       1     -8.17248395E-09     -3.23804056E-05
       2     -1.38677651E-12     -6.40575440E-09
       3      0.00000000E+00     -1.08681982E-12
       4      0.00000000E+00      0.00000000E+00
       5      0.00000000E+00      0.00000000E+00
       6      0.00000000E+00      0.00000000E+00
       7      0.00000000E+00      0.00000000E+00
       8      0.00000000E+00      0.00000000E+00
       9      0.00000000E+00      0.00000000E+00
      10      0.00000000E+00      0.00000000E+00
      11      0.00000000E+00      0.00000000E+00


  *** SCATTERING AMPLITUDES AND DIFFERENTIAL CROSS SECTION ***

    ANGLE      DCS       ASYMMETRY    DIRECT AMPLITUDE       SPIN-FLIP AMPLITUDE     ERROR
    (deg)   (cm**2/sr)                      (cm)                    (cm)
  -------------------------------------------------------------------------------------------
  0.000E+00 1.00000E-45  0.000E+00 ( 0.000E+00, 0.000E+00) ( 0.000E+00, 0.000E+00)  1.00E+00
  1.000E-04 1.00000E-45  0.000E+00 ( 0.000E+00, 0.000E+00) ( 0.000E+00, 0.000E+00)  1.00E+00
  1.250E-04 1.00000E-45  0.000E+00 ( 0.000E+00, 0.000E+00) ( 0.000E+00, 0.000E+00)  1.00E+00
  1.500E-04 1.00000E-45  0.000E+00 ( 0.000E+00, 0.000E+00) ( 0.000E+00, 0.000E+00)  1.00E+00
  1.750E-04 1.00000E-45  0.000E+00 ( 0.000E+00, 0.000E+00) ( 0.000E+00, 0.000E+00)  1.00E+00
  2.000E-04 1.00000E-45  0.000E+00 ( 0.000E+00, 0.000E+00) ( 0.000E+00, 0.000E+00)  1.00E+00
  2.250E-04 1.00000E-45  0.000E+00 ( 0.000E+00, 0.000E+00) ( 0.000E+00, 0.000E+00)  1.00E+00
  2.500E-04 1.00000E-45  0.000E+00 ( 0.000E+00, 0.000E+00) ( 0.000E+00, 0.000E+00)  1.00E+00
  2.750E-04 1.00000E-45  0.000E+00 ( 0.000E+00, 0.000E+00) ( 0.000E+00, 0.000E+00)  1.00E+00
  3.000E-04 1.00000E-45  0.000E+00 ( 0.000E+00, 0.000E+00) ( 0.000E+00, 0.000E+00)  1.00E+00
  3.250E-04 1.00000E-45  0.000E+00 ( 0.000E+00, 0.000E+00) ( 0.000E+00, 0.000E+00)  1.00E+00
  3.500E-04 1.00000E-45  0.000E+00 ( 0.000E+00, 0.000E+00) ( 0.000E+00, 0.000E+00)  1.00E+00
  3.750E-04 1.00000E-45  0.000E+00 ( 0.000E+00, 0.000E+00) ( 0.000E+00, 0.000E+00)  1.00E+00
  4.000E-04 1.00000E-45  0.000E+00 ( 0.000E+00, 0.000E+00) ( 0.000E+00, 0.000E+00)  1.00E+00
  4.250E-04 1.00000E-45  0.000E+00 ( 0.000E+00, 0.000E+00) ( 0.000E+00, 0.000E+00)  1.00E+00
  4.500E-04 1.00000E-45  0.000E+00 ( 0.000E+00, 0.000E+00) ( 0.000E+00, 0.000E+00)  1.00E+00
  4.750E-04 1.00000E-45  0.000E+00 ( 0.000E+00, 0.000E+00) ( 0.000E+00, 0.000E+00)  1.00E+00
  5.000E-04 1.00000E-45  0.000E+00 ( 0.000E+00, 0.000E+00) ( 0.000E+00, 0.000E+00)  1.00E+00
  5.250E-04 1.00000E-45  0.000E+00 ( 0.000E+00, 0.000E+00) ( 0.000E+00, 0.000E+00)  1.00E+00
  5.500E-04 1.00000E-45  0.000E+00 ( 0.000E+00, 0.000E+00) ( 0.000E+00, 0.000E+00)  1.00E+00
  5.750E-04 1.00000E-45  0.000E+00 ( 0.000E+00, 0.000E+00) ( 0.000E+00, 0.000E+00)  1.00E+00
  6.000E-04 1.00000E-45  0.000E+00 ( 0.000E+00, 0.000E+00) ( 0.000E+00, 0.000E+00)  1.00E+00
  6.250E-04 1.00000E-45  0.000E+00 ( 0.000E+00, 0.000E+00) ( 0.000E+00, 0.000E+00)  1.00E+00
  6.500E-04 1.00000E-45  0.000E+00 ( 0.000E+00, 0.000E+00) ( 0.000E+00, 0.000E+00)  1.00E+00
  6.750E-04 1.00000E-45  0.000E+00 ( 0.000E+00, 0.000E+00) ( 0.000E+00, 0.000E+00)  1.00E+00
  7.000E-04 1.00000E-45  0.000E+00 ( 0.000E+00, 0.000E+00) ( 0.000E+00, 0.000E+00)  1.00E+00
  7.250E-04 1.00000E-45  0.000E+00 ( 0.000E+00, 0.000E+00) ( 0.000E+00, 0.000E+00)  1.00E+00
  7.500E-04 1.00000E-45  0.000E+00 ( 0.000E+00, 0.000E+00) ( 0.000E+00, 0.000E+00)  1.00E+00
  7.750E-04 1.00000E-45  0.000E+00 ( 0.000E+00, 0.000E+00) ( 0.000E+00, 0.000E+00)  1.00E+00
  8.000E-04 1.00000E-45  0.000E+00 ( 0.000E+00, 0.000E+00) ( 0.000E+00, 0.000E+00)  1.00E+00
  8.250E-04 1.00000E-45  0.000E+00 ( 0.000E+00, 0.000E+00) ( 0.000E+00, 0.000E+00)  1.00E+00
  8.500E-04 1.00000E-45  0.000E+00 ( 0.000E+00, 0.000E+00) ( 0.000E+00, 0.000E+00)  1.00E+00
  8.750E-04 1.00000E-45  0.000E+00 ( 0.000E+00, 0.000E+00) ( 0.000E+00, 0.000E+00)  1.00E+00
  9.000E-04 1.00000E-45  0.000E+00 ( 0.000E+00, 0.000E+00) ( 0.000E+00, 0.000E+00)  1.00E+00
  9.250E-04 1.00000E-45  0.000E+00 ( 0.000E+00, 0.000E+00) ( 0.000E+00, 0.000E+00)  1.00E+00
  9.500E-04 1.00000E-45  0.000E+00 ( 0.000E+00, 0.000E+00) ( 0.000E+00, 0.000E+00)  1.00E+00
  9.750E-04 1.00000E-45  0.000E+00 ( 0.000E+00, 0.000E+00) ( 0.000E+00, 0.000E+00)  1.00E+00
  1.000E-03 1.00000E-45  0.000E+00 ( 0.000E+00, 0.000E+00) ( 0.000E+00, 0.000E+00)  1.00E+00
  1.250E-03 1.00000E-45  0.000E+00 ( 0.000E+00, 0.000E+00) ( 0.000E+00, 0.000E+00)  1.00E+00
  1.500E-03 1.00000E-45  0.000E+00 ( 0.000E+00, 0.000E+00) ( 0.000E+00, 0.000E+00)  1.00E+00
  1.750E-03 1.00000E-45  0.000E+00 ( 0.000E+00, 0.000E+00) ( 0.000E+00, 0.000E+00)  1.00E+00
  2.000E-03 1.00000E-45  0.000E+00 ( 0.000E+00, 0.000E+00) ( 0.000E+00, 0.000E+00)  1.00E+00
  2.250E-03 1.00000E-45  0.000E+00 ( 0.000E+00, 0.000E+00) ( 0.000E+00, 0.000E+00)  1.00E+00
  2.500E-03 1.00000E-45  0.000E+00 ( 0.000E+00, 0.000E+00) ( 0.000E+00, 0.000E+00)  1.00E+00
  2.750E-03 1.00000E-45  0.000E+00 ( 0.000E+00, 0.000E+00) ( 0.000E+00, 0.000E+00)  1.00E+00
  3.000E-03 1.00000E-45  0.000E+00 ( 0.000E+00, 0.000E+00) ( 0.000E+00, 0.000E+00)  1.00E+00
  3.250E-03 1.00000E-45  0.000E+00 ( 0.000E+00, 0.000E+00) ( 0.000E+00, 0.000E+00)  1.00E+00
  3.500E-03 1.00000E-45  0.000E+00 ( 0.000E+00, 0.000E+00) ( 0.000E+00, 0.000E+00)  1.00E+00
  3.750E-03 1.00000E-45  0.000E+00 ( 0.000E+00, 0.000E+00) ( 0.000E+00, 0.000E+00)  1.00E+00
  4.000E-03 1.00000E-45  0.000E+00 ( 0.000E+00, 0.000E+00) ( 0.000E+00, 0.000E+00)  1.00E+00
  4.250E-03 1.00000E-45  0.000E+00 ( 0.000E+00, 0.000E+00) ( 0.000E+00, 0.000E+00)  1.00E+00
  4.500E-03 1.00000E-45  0.000E+00 ( 0.000E+00, 0.000E+00) ( 0.000E+00, 0.000E+00)  1.00E+00
  4.750E-03 1.00000E-45  0.000E+00 ( 0.000E+00, 0.000E+00) ( 0.000E+00, 0.000E+00)  1.00E+00
  5.000E-03 1.00000E-45  0.000E+00 ( 0.000E+00, 0.000E+00) ( 0.000E+00, 0.000E+00)  1.00E+00
  5.250E-03 1.00000E-45  0.000E+00 ( 0.000E+00, 0.000E+00) ( 0.000E+00, 0.000E+00)  1.00E+00
  5.500E-03 1.00000E-45  0.000E+00 ( 0.000E+00, 0.000E+00) ( 0.000E+00, 0.000E+00)  1.00E+00
  5.750E-03 1.00000E-45  0.000E+00 ( 0.000E+00, 0.000E+00) ( 0.000E+00, 0.000E+00)  1.00E+00
  6.000E-03 1.00000E-45  0.000E+00 ( 0.000E+00, 0.000E+00) ( 0.000E+00, 0.000E+00)  1.00E+00
  6.250E-03 1.00000E-45  0.000E+00 ( 0.000E+00, 0.000E+00) ( 0.000E+00, 0.000E+00)  1.00E+00
  6.500E-03 1.00000E-45  0.000E+00 ( 0.000E+00, 0.000E+00) ( 0.000E+00, 0.000E+00)  1.00E+00
  6.750E-03 1.00000E-45  0.000E+00 ( 0.000E+00, 0.000E+00) ( 0.000E+00, 0.000E+00)  1.00E+00
  7.000E-03 1.00000E-45  0.000E+00 ( 0.000E+00, 0.000E+00) ( 0.000E+00, 0.000E+00)  1.00E+00
  7.250E-03 1.00000E-45  0.000E+00 ( 0.000E+00, 0.000E+00) ( 0.000E+00, 0.000E+00)  1.00E+00
  7.500E-03 1.00000E-45  0.000E+00 ( 0.000E+00, 0.000E+00) ( 0.000E+00, 0.000E+00)  1.00E+00
  7.750E-03 1.00000E-45  0.000E+00 ( 0.000E+00, 0.000E+00) ( 0.000E+00, 0.000E+00)  1.00E+00
  8.000E-03 1.00000E-45  0.000E+00 ( 0.000E+00, 0.000E+00) ( 0.000E+00, 0.000E+00)  1.00E+00
  8.250E-03 1.00000E-45  0.000E+00 ( 0.000E+00, 0.000E+00) ( 0.000E+00, 0.000E+00)  1.00E+00
  8.500E-03 1.00000E-45  0.000E+00 ( 0.000E+00, 0.000E+00) ( 0.000E+00, 0.000E+00)  1.00E+00
  8.750E-03 1.00000E-45  0.000E+00 ( 0.000E+00, 0.000E+00) ( 0.000E+00, 0.000E+00)  1.00E+00
  9.000E-03 1.00000E-45  0.000E+00 ( 0.000E+00, 0.000E+00) ( 0.000E+00, 0.000E+00)  1.00E+00
  9.250E-03 1.00000E-45  0.000E+00 ( 0.000E+00, 0.000E+00) ( 0.000E+00, 0.000E+00)  1.00E+00
  9.500E-03 1.00000E-45  0.000E+00 ( 0.000E+00, 0.000E+00) ( 0.000E+00, 0.000E+00)  1.00E+00
  9.750E-03 1.00000E-45  0.000E+00 ( 0.000E+00, 0.000E+00) ( 0.000E+00, 0.000E+00)  1.00E+00
  1.000E-02 1.00000E-45  0.000E+00 ( 0.000E+00, 0.000E+00) ( 0.000E+00, 0.000E+00)  1.00E+00
  1.250E-02 1.00000E-45  0.000E+00 ( 0.000E+00, 0.000E+00) ( 0.000E+00, 0.000E+00)  1.00E+00
  1.500E-02 1.00000E-45  0.000E+00 ( 0.000E+00, 0.000E+00) ( 0.000E+00, 0.000E+00)  1.00E+00
  1.750E-02 1.00000E-45  0.000E+00 ( 0.000E+00, 0.000E+00) ( 0.000E+00, 0.000E+00)  1.00E+00
  2.000E-02 1.00000E-45  0.000E+00 ( 0.000E+00, 0.000E+00) ( 0.000E+00, 0.000E+00)  1.00E+00
  2.250E-02 1.00000E-45  0.000E+00 ( 0.000E+00, 0.000E+00) ( 0.000E+00, 0.000E+00)  1.00E+00
  2.500E-02 1.00000E-45  0.000E+00 ( 0.000E+00, 0.000E+00) ( 0.000E+00, 0.000E+00)  1.00E+00
  2.750E-02 1.00000E-45  0.000E+00 ( 0.000E+00, 0.000E+00) ( 0.000E+00, 0.000E+00)  1.00E+00
  3.000E-02 1.00000E-45  0.000E+00 ( 0.000E+00, 0.000E+00) ( 0.000E+00, 0.000E+00)  1.00E+00
  3.250E-02 1.00000E-45  0.000E+00 ( 0.000E+00, 0.000E+00) ( 0.000E+00, 0.000E+00)  1.00E+00
  3.500E-02 1.00000E-45  0.000E+00 ( 0.000E+00, 0.000E+00) ( 0.000E+00, 0.000E+00)  1.00E+00
  3.750E-02 1.00000E-45  0.000E+00 ( 0.000E+00, 0.000E+00) ( 0.000E+00, 0.000E+00)  1.00E+00
  4.000E-02 1.00000E-45  0.000E+00 ( 0.000E+00, 0.000E+00) ( 0.000E+00, 0.000E+00)  1.00E+00
  4.250E-02 1.00000E-45  0.000E+00 ( 0.000E+00, 0.000E+00) ( 0.000E+00, 0.000E+00)  1.00E+00
  4.500E-02 1.00000E-45  0.000E+00 ( 0.000E+00, 0.000E+00) ( 0.000E+00, 0.000E+00)  1.00E+00
  4.750E-02 1.00000E-45  0.000E+00 ( 0.000E+00, 0.000E+00) ( 0.000E+00, 0.000E+00)  1.00E+00
  5.000E-02 1.00000E-45  0.000E+00 ( 0.000E+00, 0.000E+00) ( 0.000E+00, 0.000E+00)  1.00E+00
  5.250E-02 1.00000E-45  0.000E+00 ( 0.000E+00, 0.000E+00) ( 0.000E+00, 0.000E+00)  1.00E+00
  5.500E-02 1.00000E-45  0.000E+00 ( 0.000E+00, 0.000E+00) ( 0.000E+00, 0.000E+00)  1.00E+00
  5.750E-02 1.00000E-45  0.000E+00 ( 0.000E+00, 0.000E+00) ( 0.000E+00, 0.000E+00)  1.00E+00
  6.000E-02 1.00000E-45  0.000E+00 ( 0.000E+00, 0.000E+00) ( 0.000E+00, 0.000E+00)  1.00E+00
  6.250E-02 1.00000E-45  0.000E+00 ( 0.000E+00, 0.000E+00) ( 0.000E+00, 0.000E+00)  1.00E+00
  6.500E-02 1.00000E-45  0.000E+00 ( 0.000E+00, 0.000E+00) ( 0.000E+00, 0.000E+00)  1.00E+00
  6.750E-02 1.00000E-45  0.000E+00 ( 0.000E+00, 0.000E+00) ( 0.000E+00, 0.000E+00)  1.00E+00
  7.000E-02 1.00000E-45  0.000E+00 ( 0.000E+00, 0.000E+00) ( 0.000E+00, 0.000E+00)  1.00E+00
  7.250E-02 1.00000E-45  0.000E+00 ( 0.000E+00, 0.000E+00) ( 0.000E+00, 0.000E+00)  1.00E+00
  7.500E-02 1.00000E-45  0.000E+00 ( 0.000E+00, 0.000E+00) ( 0.000E+00, 0.000E+00)  1.00E+00
  7.750E-02 1.00000E-45  0.000E+00 ( 0.000E+00, 0.000E+00) ( 0.000E+00, 0.000E+00)  1.00E+00
  8.000E-02 1.00000E-45  0.000E+00 ( 0.000E+00, 0.000E+00) ( 0.000E+00, 0.000E+00)  1.00E+00
  8.250E-02 1.00000E-45  0.000E+00 ( 0.000E+00, 0.000E+00) ( 0.000E+00, 0.000E+00)  1.00E+00
  8.500E-02 1.00000E-45  0.000E+00 ( 0.000E+00, 0.000E+00) ( 0.000E+00, 0.000E+00)  1.00E+00
  8.750E-02 1.00000E-45  0.000E+00 ( 0.000E+00, 0.000E+00) ( 0.000E+00, 0.000E+00)  1.00E+00
  9.000E-02 1.00000E-45  0.000E+00 ( 0.000E+00, 0.000E+00) ( 0.000E+00, 0.000E+00)  1.00E+00
  9.250E-02 1.00000E-45  0.000E+00 ( 0.000E+00, 0.000E+00) ( 0.000E+00, 0.000E+00)  1.00E+00
  9.500E-02 1.00000E-45  0.000E+00 ( 0.000E+00, 0.000E+00) ( 0.000E+00, 0.000E+00)  1.00E+00
  9.750E-02 1.00000E-45  0.000E+00 ( 0.000E+00, 0.000E+00) ( 0.000E+00, 0.000E+00)  1.00E+00
  1.000E-01 1.00000E-45  0.000E+00 ( 0.000E+00, 0.000E+00) ( 0.000E+00, 0.000E+00)  1.00E+00
  1.250E-01 1.00000E-45  0.000E+00 ( 0.000E+00, 0.000E+00) ( 0.000E+00, 0.000E+00)  1.00E+00
  1.500E-01 1.00000E-45  0.000E+00 ( 0.000E+00, 0.000E+00) ( 0.000E+00, 0.000E+00)  1.00E+00
  1.750E-01 1.00000E-45  0.000E+00 ( 0.000E+00, 0.000E+00) ( 0.000E+00, 0.000E+00)  1.00E+00
  2.000E-01 1.00000E-45  0.000E+00 ( 0.000E+00, 0.000E+00) ( 0.000E+00, 0.000E+00)  1.00E+00
  2.250E-01 1.00000E-45  0.000E+00 ( 0.000E+00, 0.000E+00) ( 0.000E+00, 0.000E+00)  1.00E+00
  2.500E-01 1.00000E-45  0.000E+00 ( 0.000E+00, 0.000E+00) ( 0.000E+00, 0.000E+00)  1.00E+00
  2.750E-01 1.00000E-45  0.000E+00 ( 0.000E+00, 0.000E+00) ( 0.000E+00, 0.000E+00)  1.00E+00
  3.000E-01 1.00000E-45  0.000E+00 ( 0.000E+00, 0.000E+00) ( 0.000E+00, 0.000E+00)  1.00E+00
  3.250E-01 1.00000E-45  0.000E+00 ( 0.000E+00, 0.000E+00) ( 0.000E+00, 0.000E+00)  1.00E+00
  3.500E-01 1.00000E-45  0.000E+00 ( 0.000E+00, 0.000E+00) ( 0.000E+00, 0.000E+00)  1.00E+00
  3.750E-01 1.00000E-45  0.000E+00 ( 0.000E+00, 0.000E+00) ( 0.000E+00, 0.000E+00)  1.00E+00
  4.000E-01 1.00000E-45  0.000E+00 ( 0.000E+00, 0.000E+00) ( 0.000E+00, 0.000E+00)  1.00E+00
  4.250E-01 1.00000E-45  0.000E+00 ( 0.000E+00, 0.000E+00) ( 0.000E+00, 0.000E+00)  1.00E+00
  4.500E-01 1.00000E-45  0.000E+00 ( 0.000E+00, 0.000E+00) ( 0.000E+00, 0.000E+00)  1.00E+00
  4.750E-01 1.00000E-45  0.000E+00 ( 0.000E+00, 0.000E+00) ( 0.000E+00, 0.000E+00)  1.00E+00
  5.000E-01 1.00000E-45  0.000E+00 ( 0.000E+00, 0.000E+00) ( 0.000E+00, 0.000E+00)  1.00E+00
  5.250E-01 1.00000E-45  0.000E+00 ( 0.000E+00, 0.000E+00) ( 0.000E+00, 0.000E+00)  1.00E+00
  5.500E-01 1.00000E-45  0.000E+00 ( 0.000E+00, 0.000E+00) ( 0.000E+00, 0.000E+00)  1.00E+00
  5.750E-01 1.00000E-45  0.000E+00 ( 0.000E+00, 0.000E+00) ( 0.000E+00, 0.000E+00)  1.00E+00
  6.000E-01 1.00000E-45  0.000E+00 ( 0.000E+00, 0.000E+00) ( 0.000E+00, 0.000E+00)  1.00E+00
  6.250E-01 1.00000E-45  0.000E+00 ( 0.000E+00, 0.000E+00) ( 0.000E+00, 0.000E+00)  1.00E+00
  6.500E-01 1.00000E-45  0.000E+00 ( 0.000E+00, 0.000E+00) ( 0.000E+00, 0.000E+00)  1.00E+00
  6.750E-01 1.00000E-45  0.000E+00 ( 0.000E+00, 0.000E+00) ( 0.000E+00, 0.000E+00)  1.00E+00
  7.000E-01 1.00000E-45  0.000E+00 ( 0.000E+00, 0.000E+00) ( 0.000E+00, 0.000E+00)  1.00E+00
  7.250E-01 1.00000E-45  0.000E+00 ( 0.000E+00, 0.000E+00) ( 0.000E+00, 0.000E+00)  1.00E+00
  7.500E-01 1.00000E-45  0.000E+00 ( 0.000E+00, 0.000E+00) ( 0.000E+00, 0.000E+00)  1.00E+00
  7.750E-01 1.00000E-45  0.000E+00 ( 0.000E+00, 0.000E+00) ( 0.000E+00, 0.000E+00)  1.00E+00
  8.000E-01 1.00000E-45  0.000E+00 ( 0.000E+00, 0.000E+00) ( 0.000E+00, 0.000E+00)  1.00E+00
  8.250E-01 1.00000E-45  0.000E+00 ( 0.000E+00, 0.000E+00) ( 0.000E+00, 0.000E+00)  1.00E+00
  8.500E-01 1.00000E-45  0.000E+00 ( 0.000E+00, 0.000E+00) ( 0.000E+00, 0.000E+00)  1.00E+00
  8.750E-01 1.00000E-45  0.000E+00 ( 0.000E+00, 0.000E+00) ( 0.000E+00, 0.000E+00)  1.00E+00
  9.000E-01 1.00000E-45  0.000E+00 ( 0.000E+00, 0.000E+00) ( 0.000E+00, 0.000E+00)  1.00E+00
  9.250E-01 1.00000E-45  0.000E+00 ( 0.000E+00, 0.000E+00) ( 0.000E+00, 0.000E+00)  1.00E+00
  9.500E-01 1.00000E-45  0.000E+00 ( 0.000E+00, 0.000E+00) ( 0.000E+00, 0.000E+00)  1.00E+00
  9.750E-01 1.00000E-45  0.000E+00 ( 0.000E+00, 0.000E+00) ( 0.000E+00, 0.000E+00)  1.00E+00
  1.000E+00 2.54787E-18  0.000E+00 ( 1.452E-09,-6.634E-10) ( 1.113E-11,-5.081E-12)  1.10E-06
  1.100E+00 1.74029E-18  0.000E+00 ( 1.205E-09,-5.365E-10) ( 1.016E-11,-4.521E-12)  1.64E-06
  1.200E+00 1.22900E-18  0.000E+00 ( 1.017E-09,-4.417E-10) ( 9.365E-12,-4.073E-12)  3.05E-06
  1.300E+00 8.92378E-19  0.000E+00 ( 8.695E-10,-3.692E-10) ( 8.660E-12,-3.673E-12)  3.42E-06
  1.400E+00 6.63538E-19  0.000E+00 ( 7.521E-10,-3.127E-10) ( 8.081E-12,-3.362E-12)  2.88E-06
  1.500E+00 5.03593E-19  0.000E+00 ( 6.572E-10,-2.677E-10) ( 7.557E-12,-3.077E-12)  1.74E-06
  1.600E+00 3.89051E-19  0.000E+00 ( 5.792E-10,-2.315E-10) ( 7.107E-12,-2.841E-12)  4.05E-07
  1.700E+00 3.05323E-19  0.000E+00 ( 5.143E-10,-2.018E-10) ( 6.706E-12,-2.632E-12)  9.33E-07
  1.800E+00 2.42947E-19  0.000E+00 ( 4.598E-10,-1.773E-10) ( 6.347E-12,-2.447E-12)  1.71E-06
  1.900E+00 1.95725E-19  0.000E+00 ( 4.136E-10,-1.569E-10) ( 6.029E-12,-2.287E-12)  1.94E-06
  2.000E+00 1.59440E-19  0.000E+00 ( 3.740E-10,-1.396E-10) ( 5.736E-12,-2.140E-12)  1.66E-06
  2.100E+00 1.31187E-19  0.000E+00 ( 3.399E-10,-1.249E-10) ( 5.476E-12,-2.013E-12)  9.94E-07
  2.200E+00 1.08928E-19  0.000E+00 ( 3.103E-10,-1.124E-10) ( 5.235E-12,-1.896E-12)  1.81E-07
  2.300E+00 9.11938E-20  0.000E+00 ( 2.844E-10,-1.015E-10) ( 5.016E-12,-1.790E-12)  6.52E-07
  2.400E+00 7.69290E-20  0.000E+00 ( 2.616E-10,-9.208E-11) ( 4.816E-12,-1.695E-12)  1.15E-06
  2.500E+00 6.53471E-20  0.000E+00 ( 2.414E-10,-8.385E-11) ( 4.629E-12,-1.607E-12)  1.29E-06
  2.600E+00 5.58658E-20  0.000E+00 ( 2.235E-10,-7.662E-11) ( 4.459E-12,-1.528E-12)  1.10E-06
  2.700E+00 4.80441E-20  0.000E+00 ( 2.076E-10,-7.025E-11) ( 4.299E-12,-1.455E-12)  6.42E-07
  2.800E+00 4.15444E-20  0.000E+00 ( 1.933E-10,-6.460E-11) ( 4.151E-12,-1.388E-12)  1.00E-07
  2.900E+00 3.61084E-20  0.000E+00 ( 1.804E-10,-5.958E-11) ( 4.013E-12,-1.325E-12)  5.04E-07
  3.000E+00 3.15330E-20  0.000E+00 ( 1.688E-10,-5.508E-11) ( 3.884E-12,-1.268E-12)  8.47E-07
  3.100E+00 2.76603E-20  0.000E+00 ( 1.582E-10,-5.106E-11) ( 3.763E-12,-1.214E-12)  9.35E-07
  3.200E+00 2.43644E-20  0.000E+00 ( 1.487E-10,-4.743E-11) ( 3.649E-12,-1.164E-12)  7.86E-07
  3.300E+00 2.15452E-20  0.000E+00 ( 1.399E-10,-4.416E-11) ( 3.543E-12,-1.118E-12)  4.44E-07
  3.400E+00 1.91224E-20  0.000E+00 ( 1.320E-10,-4.120E-11) ( 3.442E-12,-1.075E-12)  1.00E-07
  3.500E+00 1.70308E-20  0.000E+00 ( 1.246E-10,-3.851E-11) ( 3.347E-12,-1.034E-12)  4.12E-07
  3.600E+00 1.52177E-20  0.000E+00 ( 1.179E-10,-3.606E-11) ( 3.257E-12,-9.959E-13)  6.62E-07
  3.700E+00 1.36396E-20  0.000E+00 ( 1.117E-10,-3.382E-11) ( 3.172E-12,-9.600E-13)  7.16E-07
  3.800E+00 1.22610E-20  0.000E+00 ( 1.060E-10,-3.177E-11) ( 3.091E-12,-9.264E-13)  5.92E-07
  3.900E+00 1.10523E-20  0.000E+00 ( 1.007E-10,-2.990E-11) ( 3.014E-12,-8.946E-13)  3.21E-07
  4.000E+00 9.98889E-21  0.000E+00 ( 9.584E-11,-2.817E-11) ( 2.941E-12,-8.647E-13)  1.00E-07
  4.100E+00 9.05049E-21  0.000E+00 ( 9.130E-11,-2.658E-11) ( 2.872E-12,-8.363E-13)  3.50E-07
  4.200E+00 8.21975E-21  0.000E+00 ( 8.707E-11,-2.512E-11) ( 2.806E-12,-8.095E-13)  5.37E-07
  4.300E+00 7.48222E-21  0.000E+00 ( 8.312E-11,-2.376E-11) ( 2.743E-12,-7.841E-13)  5.70E-07
  4.400E+00 6.82562E-21  0.000E+00 ( 7.944E-11,-2.251E-11) ( 2.682E-12,-7.599E-13)  4.63E-07
  4.500E+00 6.23951E-21  0.000E+00 ( 7.600E-11,-2.134E-11) ( 2.624E-12,-7.371E-13)  2.39E-07
  4.600E+00 5.71502E-21  0.000E+00 ( 7.278E-11,-2.026E-11) ( 2.569E-12,-7.153E-13)  1.00E-07
  4.700E+00 5.24450E-21  0.000E+00 ( 6.976E-11,-1.926E-11) ( 2.516E-12,-6.945E-13)  3.05E-07
  4.800E+00 4.82145E-21  0.000E+00 ( 6.693E-11,-1.832E-11) ( 2.465E-12,-6.748E-13)  4.49E-07
  4.900E+00 4.44023E-21  0.000E+00 ( 6.426E-11,-1.744E-11) ( 2.416E-12,-6.559E-13)  4.67E-07
  5.000E+00 4.09596E-21  0.000E+00 ( 6.175E-11,-1.662E-11) ( 2.370E-12,-6.379E-13)  3.71E-07
  5.100E+00 3.78444E-21  0.000E+00 ( 5.939E-11,-1.586E-11) ( 2.325E-12,-6.207E-13)  1.81E-07
  5.200E+00 3.50199E-21  0.000E+00 ( 5.716E-11,-1.514E-11) ( 2.281E-12,-6.043E-13)  1.00E-07
  5.300E+00 3.24542E-21  0.000E+00 ( 5.505E-11,-1.447E-11) ( 2.239E-12,-5.885E-13)  2.70E-07
  5.400E+00 3.01192E-21  0.000E+00 ( 5.306E-11,-1.383E-11) ( 2.199E-12,-5.734E-13)  3.83E-07
  5.500E+00 2.79907E-21  0.000E+00 ( 5.117E-11,-1.324E-11) ( 2.160E-12,-5.590E-13)  3.90E-07
  5.600E+00 2.60470E-21  0.000E+00 ( 4.939E-11,-1.268E-11) ( 2.123E-12,-5.451E-13)  3.03E-07
  5.700E+00 2.42691E-21  0.000E+00 ( 4.769E-11,-1.215E-11) ( 2.087E-12,-5.318E-13)  1.38E-07
  5.800E+00 2.26405E-21  0.000E+00 ( 4.608E-11,-1.165E-11) ( 2.052E-12,-5.189E-13)  1.00E-07
  5.900E+00 2.11462E-21  0.000E+00 ( 4.456E-11,-1.118E-11) ( 2.018E-12,-5.066E-13)  2.43E-07
  6.000E+00 1.97733E-21  0.000E+00 ( 4.310E-11,-1.074E-11) ( 1.985E-12,-4.948E-13)  3.31E-07
  6.100E+00 1.85101E-21  0.000E+00 ( 4.172E-11,-1.032E-11) ( 1.954E-12,-4.834E-13)  3.32E-07
  6.200E+00 1.73462E-21  0.000E+00 ( 4.040E-11,-9.924E-12) ( 1.923E-12,-4.724E-13)  2.51E-07
  6.300E+00 1.62724E-21  0.000E+00 ( 3.914E-11,-9.547E-12) ( 1.893E-12,-4.618E-13)  1.06E-07
  6.400E+00 1.52804E-21  0.000E+00 ( 3.795E-11,-9.190E-12) ( 1.864E-12,-4.516E-13)  1.00E-07
  6.500E+00 1.43630E-21  0.000E+00 ( 3.680E-11,-8.851E-12) ( 1.837E-12,-4.418E-13)  2.21E-07
  6.600E+00 1.35134E-21  0.000E+00 ( 3.571E-11,-8.529E-12) ( 1.809E-12,-4.323E-13)  2.91E-07
  6.700E+00 1.27257E-21  0.000E+00 ( 3.466E-11,-8.223E-12) ( 1.783E-12,-4.231E-13)  2.85E-07
  6.800E+00 1.19946E-21  0.000E+00 ( 3.366E-11,-7.932E-12) ( 1.758E-12,-4.142E-13)  2.10E-07
  6.900E+00 1.13153E-21  0.000E+00 ( 3.271E-11,-7.655E-12) ( 1.733E-12,-4.056E-13)  1.00E-07
  7.000E+00 1.06835E-21  0.000E+00 ( 3.179E-11,-7.391E-12) ( 1.709E-12,-3.974E-13)  1.00E-07
  7.100E+00 1.00951E-21  0.000E+00 ( 3.091E-11,-7.139E-12) ( 1.685E-12,-3.893E-13)  2.02E-07
  7.200E+00 9.54674E-22  0.000E+00 ( 3.007E-11,-6.899E-12) ( 1.663E-12,-3.816E-13)  2.57E-07
  7.300E+00 9.03510E-22  0.000E+00 ( 2.926E-11,-6.670E-12) ( 1.640E-12,-3.740E-13)  2.48E-07
  7.400E+00 8.55730E-22  0.000E+00 ( 2.848E-11,-6.451E-12) ( 1.619E-12,-3.667E-13)  1.77E-07
  7.500E+00 8.11070E-22  0.000E+00 ( 2.774E-11,-6.242E-12) ( 1.598E-12,-3.597E-13)  1.00E-07
  7.600E+00 7.69285E-22  0.000E+00 ( 2.702E-11,-6.043E-12) ( 1.577E-12,-3.528E-13)  1.00E-07
  7.700E+00 7.30159E-22  0.000E+00 ( 2.633E-11,-5.851E-12) ( 1.557E-12,-3.462E-13)  1.86E-07
  7.800E+00 6.93490E-22  0.000E+00 ( 2.567E-11,-5.668E-12) ( 1.538E-12,-3.397E-13)  2.30E-07
  7.900E+00 6.59096E-22  0.000E+00 ( 2.503E-11,-5.493E-12) ( 1.519E-12,-3.334E-13)  2.17E-07
  8.000E+00 6.26808E-22  0.000E+00 ( 2.441E-11,-5.325E-12) ( 1.500E-12,-3.273E-13)  1.50E-07
  8.100E+00 5.96474E-22  0.000E+00 ( 2.382E-11,-5.164E-12) ( 1.482E-12,-3.214E-13)  1.00E-07
  8.200E+00 5.67954E-22  0.000E+00 ( 2.325E-11,-5.010E-12) ( 1.465E-12,-3.157E-13)  1.00E-07
  8.300E+00 5.41119E-22  0.000E+00 ( 2.270E-11,-4.862E-12) ( 1.447E-12,-3.101E-13)  1.72E-07
  8.400E+00 5.15852E-22  0.000E+00 ( 2.217E-11,-4.720E-12) ( 1.431E-12,-3.047E-13)  2.06E-07
  8.500E+00 4.92042E-22  0.000E+00 ( 2.166E-11,-4.583E-12) ( 1.414E-12,-2.994E-13)  1.91E-07
  8.600E+00 4.69592E-22  0.000E+00 ( 2.116E-11,-4.452E-12) ( 1.398E-12,-2.943E-13)  1.28E-07
  8.700E+00 4.48407E-22  0.000E+00 ( 2.068E-11,-4.326E-12) ( 1.382E-12,-2.893E-13)  1.00E-07
  8.800E+00 4.28405E-22  0.000E+00 ( 2.022E-11,-4.204E-12) ( 1.367E-12,-2.844E-13)  1.00E-07
  8.900E+00 4.09506E-22  0.000E+00 ( 1.977E-11,-4.087E-12) ( 1.352E-12,-2.796E-13)  1.60E-07
  9.000E+00 3.91638E-22  0.000E+00 ( 1.934E-11,-3.975E-12) ( 1.337E-12,-2.750E-13)  1.86E-07
  9.100E+00 3.74734E-22  0.000E+00 ( 1.892E-11,-3.867E-12) ( 1.323E-12,-2.705E-13)  1.70E-07
  9.200E+00 3.58734E-22  0.000E+00 ( 1.851E-11,-3.762E-12) ( 1.309E-12,-2.661E-13)  1.10E-07
  9.300E+00 3.43578E-22  0.000E+00 ( 1.812E-11,-3.662E-12) ( 1.295E-12,-2.618E-13)  1.00E-07
  9.400E+00 3.29215E-22  0.000E+00 ( 1.774E-11,-3.565E-12) ( 1.282E-12,-2.577E-13)  1.00E-07
  9.500E+00 3.15594E-22  0.000E+00 ( 1.737E-11,-3.471E-12) ( 1.269E-12,-2.536E-13)  1.49E-07
  9.600E+00 3.02672E-22  0.000E+00 ( 1.702E-11,-3.381E-12) ( 1.256E-12,-2.496E-13)  1.69E-07
  9.700E+00 2.90404E-22  0.000E+00 ( 1.667E-11,-3.294E-12) ( 1.243E-12,-2.457E-13)  1.51E-07
  9.800E+00 2.78752E-22  0.000E+00 ( 1.634E-11,-3.210E-12) ( 1.231E-12,-2.420E-13)  1.00E-07
  9.900E+00 2.67678E-22  0.000E+00 ( 1.601E-11,-3.129E-12) ( 1.218E-12,-2.383E-13)  1.00E-07
  1.000E+01 2.57149E-22  0.000E+00 ( 1.569E-11,-3.051E-12) ( 1.206E-12,-2.346E-13)  1.00E-07
  1.025E+01 2.33006E-22  0.000E+00 ( 1.495E-11,-2.866E-12) ( 1.178E-12,-2.260E-13)  1.00E-07
  1.050E+01 2.11633E-22  0.000E+00 ( 1.425E-11,-2.696E-12) ( 1.150E-12,-2.178E-13)  1.00E-07
  1.075E+01 1.92655E-22  0.000E+00 ( 1.360E-11,-2.539E-12) ( 1.124E-12,-2.101E-13)  1.00E-07
  1.100E+01 1.75758E-22  0.000E+00 ( 1.299E-11,-2.395E-12) ( 1.099E-12,-2.027E-13)  1.00E-07
  1.125E+01 1.60675E-22  0.000E+00 ( 1.242E-11,-2.261E-12) ( 1.075E-12,-1.958E-13)  1.00E-07
  1.150E+01 1.47175E-22  0.000E+00 ( 1.189E-11,-2.137E-12) ( 1.052E-12,-1.892E-13)  1.08E-07
  1.175E+01 1.35065E-22  0.000E+00 ( 1.140E-11,-2.022E-12) ( 1.030E-12,-1.829E-13)  1.17E-07
  1.200E+01 1.24175E-22  0.000E+00 ( 1.093E-11,-1.915E-12) ( 1.009E-12,-1.770E-13)  1.19E-07
  1.225E+01 1.14361E-22  0.000E+00 ( 1.049E-11,-1.816E-12) ( 9.888E-13,-1.713E-13)  1.16E-07
  1.250E+01 1.05498E-22  0.000E+00 ( 1.008E-11,-1.723E-12) ( 9.694E-13,-1.659E-13)  1.08E-07
  1.275E+01 9.74767E-23  0.000E+00 ( 9.689E-12,-1.636E-12) ( 9.507E-13,-1.608E-13)  1.00E-07
  1.300E+01 9.02040E-23  0.000E+00 ( 9.321E-12,-1.556E-12) ( 9.327E-13,-1.558E-13)  1.00E-07
  1.325E+01 8.35972E-23  0.000E+00 ( 8.975E-12,-1.480E-12) ( 9.154E-13,-1.511E-13)  1.00E-07
  1.350E+01 7.75843E-23  0.000E+00 ( 8.647E-12,-1.409E-12) ( 8.988E-13,-1.467E-13)  1.00E-07
  1.375E+01 7.21025E-23  0.000E+00 ( 8.337E-12,-1.343E-12) ( 8.827E-13,-1.424E-13)  1.00E-07
  1.400E+01 6.70964E-23  0.000E+00 ( 8.043E-12,-1.280E-12) ( 8.671E-13,-1.382E-13)  1.00E-07
  1.425E+01 6.25172E-23  0.000E+00 ( 7.764E-12,-1.222E-12) ( 8.522E-13,-1.343E-13)  1.00E-07
  1.450E+01 5.83222E-23  0.000E+00 ( 7.499E-12,-1.167E-12) ( 8.377E-13,-1.305E-13)  1.00E-07
  1.475E+01 5.44731E-23  0.000E+00 ( 7.248E-12,-1.115E-12) ( 8.237E-13,-1.269E-13)  1.00E-07
  1.500E+01 5.09364E-23  0.000E+00 ( 7.009E-12,-1.066E-12) ( 8.101E-13,-1.234E-13)  1.00E-07
  1.525E+01 4.76820E-23  0.000E+00 ( 6.782E-12,-1.020E-12) ( 7.970E-13,-1.201E-13)  1.00E-07
  1.550E+01 4.46834E-23  0.000E+00 ( 6.565E-12,-9.765E-13) ( 7.843E-13,-1.169E-13)  1.00E-07
  1.575E+01 4.19167E-23  0.000E+00 ( 6.359E-12,-9.353E-13) ( 7.720E-13,-1.138E-13)  1.00E-07
  1.600E+01 3.93609E-23  0.000E+00 ( 6.162E-12,-8.964E-13) ( 7.601E-13,-1.108E-13)  1.00E-07
  1.625E+01 3.69969E-23  0.000E+00 ( 5.974E-12,-8.596E-13) ( 7.485E-13,-1.079E-13)  1.00E-07
  1.650E+01 3.48076E-23  0.000E+00 ( 5.794E-12,-8.247E-13) ( 7.373E-13,-1.052E-13)  1.00E-07
  1.675E+01 3.27778E-23  0.000E+00 ( 5.623E-12,-7.917E-13) ( 7.264E-13,-1.025E-13)  1.00E-07
  1.700E+01 3.08938E-23  0.000E+00 ( 5.458E-12,-7.603E-13) ( 7.158E-13,-9.993E-14)  1.00E-07
  1.725E+01 2.91432E-23  0.000E+00 ( 5.301E-12,-7.306E-13) ( 7.056E-13,-9.745E-14)  1.00E-07
  1.750E+01 2.75147E-23  0.000E+00 ( 5.151E-12,-7.023E-13) ( 6.956E-13,-9.506E-14)  1.00E-07
  1.775E+01 2.59983E-23  0.000E+00 ( 5.006E-12,-6.754E-13) ( 6.859E-13,-9.275E-14)  1.00E-07
  1.800E+01 2.45849E-23  0.000E+00 ( 4.868E-12,-6.498E-13) ( 6.764E-13,-9.052E-14)  1.00E-07
  1.825E+01 2.32662E-23  0.000E+00 ( 4.735E-12,-6.255E-13) ( 6.672E-13,-8.836E-14)  1.00E-07
  1.850E+01 2.20347E-23  0.000E+00 ( 4.608E-12,-6.023E-13) ( 6.583E-13,-8.627E-14)  1.00E-07
  1.875E+01 2.08835E-23  0.000E+00 ( 4.485E-12,-5.803E-13) ( 6.495E-13,-8.425E-14)  1.00E-07
  1.900E+01 1.98065E-23  0.000E+00 ( 4.368E-12,-5.592E-13) ( 6.410E-13,-8.230E-14)  1.00E-07
  1.925E+01 1.87979E-23  0.000E+00 ( 4.254E-12,-5.391E-13) ( 6.328E-13,-8.041E-14)  1.00E-07
  1.950E+01 1.78527E-23  0.000E+00 ( 4.146E-12,-5.199E-13) ( 6.247E-13,-7.857E-14)  1.00E-07
  1.975E+01 1.69660E-23  0.000E+00 ( 4.041E-12,-5.016E-13) ( 6.168E-13,-7.680E-14)  1.00E-07
  2.000E+01 1.61337E-23  0.000E+00 ( 3.940E-12,-4.841E-13) ( 6.091E-13,-7.508E-14)  1.00E-07
  2.025E+01 1.53517E-23  0.000E+00 ( 3.843E-12,-4.674E-13) ( 6.016E-13,-7.341E-14)  1.00E-07
  2.050E+01 1.46165E-23  0.000E+00 ( 3.749E-12,-4.514E-13) ( 5.943E-13,-7.179E-14)  1.00E-07
  2.075E+01 1.39247E-23  0.000E+00 ( 3.659E-12,-4.360E-13) ( 5.872E-13,-7.022E-14)  1.00E-07
  2.100E+01 1.32733E-23  0.000E+00 ( 3.571E-12,-4.214E-13) ( 5.802E-13,-6.870E-14)  1.00E-07
  2.125E+01 1.26595E-23  0.000E+00 ( 3.487E-12,-4.073E-13) ( 5.734E-13,-6.721E-14)  1.00E-07
  2.150E+01 1.20807E-23  0.000E+00 ( 3.406E-12,-3.939E-13) ( 5.667E-13,-6.578E-14)  1.00E-07
  2.175E+01 1.15345E-23  0.000E+00 ( 3.327E-12,-3.810E-13) ( 5.602E-13,-6.438E-14)  1.00E-07
  2.200E+01 1.10189E-23  0.000E+00 ( 3.252E-12,-3.686E-13) ( 5.538E-13,-6.302E-14)  1.00E-07
  2.225E+01 1.05316E-23  0.000E+00 ( 3.178E-12,-3.567E-13) ( 5.476E-13,-6.170E-14)  1.00E-07
  2.250E+01 1.00710E-23  0.000E+00 ( 3.107E-12,-3.453E-13) ( 5.415E-13,-6.042E-14)  1.00E-07
  2.275E+01 9.63521E-24  0.000E+00 ( 3.039E-12,-3.343E-13) ( 5.355E-13,-5.917E-14)  1.00E-07
  2.300E+01 9.22270E-24  0.000E+00 ( 2.972E-12,-3.238E-13) ( 5.297E-13,-5.796E-14)  1.00E-07
  2.325E+01 8.83198E-24  0.000E+00 ( 2.908E-12,-3.137E-13) ( 5.239E-13,-5.678E-14)  1.00E-07
  2.350E+01 8.46170E-24  0.000E+00 ( 2.846E-12,-3.040E-13) ( 5.183E-13,-5.563E-14)  1.00E-07
  2.375E+01 8.11057E-24  0.000E+00 ( 2.785E-12,-2.946E-13) ( 5.129E-13,-5.451E-14)  1.00E-07
  2.400E+01 7.77742E-24 -1.825E-04 ( 2.727E-12,-2.856E-13) ( 5.075E-13,-5.342E-14)  1.00E-07
  2.425E+01 7.46117E-24 -1.874E-04 ( 2.670E-12,-2.770E-13) ( 5.022E-13,-5.235E-14)  1.00E-07
  2.450E+01 7.16079E-24 -1.923E-04 ( 2.615E-12,-2.686E-13) ( 4.970E-13,-5.132E-14)  1.00E-07
  2.475E+01 6.87533E-24 -1.974E-04 ( 2.562E-12,-2.606E-13) ( 4.920E-13,-5.031E-14)  1.00E-07
  2.500E+01 6.60392E-24 -2.024E-04 ( 2.510E-12,-2.528E-13) ( 4.870E-13,-4.933E-14)  1.00E-07
  2.550E+01 6.10000E-24 -2.128E-04 ( 2.411E-12,-2.382E-13) ( 4.774E-13,-4.743E-14)  1.00E-07
  2.600E+01 5.64311E-24 -2.235E-04 ( 2.318E-12,-2.246E-13) ( 4.681E-13,-4.563E-14)  1.00E-07
  2.650E+01 5.22808E-24 -2.345E-04 ( 2.229E-12,-2.119E-13) ( 4.592E-13,-4.391E-14)  1.00E-07
  2.700E+01 4.85039E-24 -2.457E-04 ( 2.146E-12,-2.001E-13) ( 4.505E-13,-4.228E-14)  1.00E-07
  2.750E+01 4.50608E-24 -2.573E-04 ( 2.067E-12,-1.890E-13) ( 4.422E-13,-4.072E-14)  1.00E-07
  2.800E+01 4.19168E-24 -2.692E-04 ( 1.992E-12,-1.787E-13) ( 4.342E-13,-3.923E-14)  1.00E-07
  2.850E+01 3.90413E-24 -2.813E-04 ( 1.922E-12,-1.691E-13) ( 4.264E-13,-3.781E-14)  1.00E-07
  2.900E+01 3.64072E-24 -2.938E-04 ( 1.854E-12,-1.600E-13) ( 4.189E-13,-3.645E-14)  1.00E-07
  2.950E+01 3.39905E-24 -3.065E-04 ( 1.790E-12,-1.516E-13) ( 4.117E-13,-3.515E-14)  1.00E-07
  3.000E+01 3.17702E-24 -3.196E-04 ( 1.730E-12,-1.437E-13) ( 4.047E-13,-3.390E-14)  1.00E-07
  3.050E+01 2.97275E-24 -3.329E-04 ( 1.672E-12,-1.362E-13) ( 3.979E-13,-3.271E-14)  1.00E-07
  3.100E+01 2.78455E-24 -3.466E-04 ( 1.617E-12,-1.292E-13) ( 3.913E-13,-3.157E-14)  1.00E-07
  3.150E+01 2.61093E-24 -3.605E-04 ( 1.564E-12,-1.226E-13) ( 3.849E-13,-3.048E-14)  1.00E-07
  3.200E+01 2.45056E-24 -3.748E-04 ( 1.514E-12,-1.164E-13) ( 3.787E-13,-2.942E-14)  1.00E-07
  3.250E+01 2.30225E-24 -3.893E-04 ( 1.466E-12,-1.106E-13) ( 3.727E-13,-2.842E-14)  1.00E-07
  3.300E+01 2.16492E-24 -4.042E-04 ( 1.421E-12,-1.051E-13) ( 3.668E-13,-2.745E-14)  1.00E-07
  3.350E+01 2.03762E-24 -4.193E-04 ( 1.377E-12,-9.994E-14) ( 3.612E-13,-2.652E-14)  1.00E-07
  3.400E+01 1.91948E-24 -4.348E-04 ( 1.335E-12,-9.505E-14) ( 3.557E-13,-2.563E-14)  1.00E-07
  3.450E+01 1.80972E-24 -4.506E-04 ( 1.295E-12,-9.043E-14) ( 3.503E-13,-2.477E-14)  1.00E-07
  3.500E+01 1.70764E-24 -4.667E-04 ( 1.257E-12,-8.606E-14) ( 3.451E-13,-2.394E-14)  1.00E-07
  3.550E+01 1.61260E-24 -4.830E-04 ( 1.221E-12,-8.193E-14) ( 3.400E-13,-2.314E-14)  1.00E-07
  3.600E+01 1.52403E-24 -4.997E-04 ( 1.185E-12,-7.802E-14) ( 3.351E-13,-2.238E-14)  1.00E-07
  3.650E+01 1.44141E-24 -5.167E-04 ( 1.152E-12,-7.433E-14) ( 3.303E-13,-2.164E-14)  1.00E-07
  3.700E+01 1.36427E-24 -5.340E-04 ( 1.119E-12,-7.082E-14) ( 3.256E-13,-2.093E-14)  1.00E-07
  3.750E+01 1.29218E-24 -5.517E-04 ( 1.088E-12,-6.750E-14) ( 3.210E-13,-2.024E-14)  1.00E-07
  3.800E+01 1.22474E-24 -5.696E-04 ( 1.058E-12,-6.435E-14) ( 3.166E-13,-1.958E-14)  1.00E-07
  3.850E+01 1.16161E-24 -5.878E-04 ( 1.030E-12,-6.136E-14) ( 3.122E-13,-1.894E-14)  1.00E-07
  3.900E+01 1.10245E-24 -6.064E-04 ( 1.002E-12,-5.852E-14) ( 3.080E-13,-1.833E-14)  1.00E-07
  3.950E+01 1.04697E-24 -6.253E-04 ( 9.753E-13,-5.583E-14) ( 3.039E-13,-1.773E-14)  1.00E-07
  4.000E+01 9.94907E-25 -6.444E-04 ( 9.497E-13,-5.327E-14) ( 2.998E-13,-1.716E-14)  1.00E-07
  4.050E+01 9.46002E-25 -6.639E-04 ( 9.250E-13,-5.083E-14) ( 2.959E-13,-1.660E-14)  1.00E-07
  4.100E+01 9.00032E-25 -6.837E-04 ( 9.012E-13,-4.852E-14) ( 2.920E-13,-1.606E-14)  1.00E-07
  4.150E+01 8.56789E-25 -7.039E-04 ( 8.782E-13,-4.631E-14) ( 2.883E-13,-1.555E-14)  1.00E-07
  4.200E+01 8.16082E-25 -7.243E-04 ( 8.561E-13,-4.422E-14) ( 2.846E-13,-1.504E-14)  1.00E-07
  4.250E+01 7.77734E-25 -7.451E-04 ( 8.347E-13,-4.222E-14) ( 2.810E-13,-1.456E-14)  1.00E-07
  4.300E+01 7.41583E-25 -7.661E-04 ( 8.141E-13,-4.031E-14) ( 2.775E-13,-1.409E-14)  1.00E-07
  4.350E+01 7.07482E-25 -7.875E-04 ( 7.942E-13,-3.850E-14) ( 2.740E-13,-1.364E-14)  1.00E-07
  4.400E+01 6.75292E-25 -8.092E-04 ( 7.749E-13,-3.677E-14) ( 2.707E-13,-1.320E-14)  1.00E-07
  4.450E+01 6.44887E-25 -8.312E-04 ( 7.563E-13,-3.512E-14) ( 2.674E-13,-1.277E-14)  1.00E-07
  4.500E+01 6.16149E-25 -8.536E-04 ( 7.383E-13,-3.355E-14) ( 2.641E-13,-1.236E-14)  1.00E-07
  4.550E+01 5.88971E-25 -8.762E-04 ( 7.209E-13,-3.204E-14) ( 2.610E-13,-1.196E-14)  1.00E-07
  4.600E+01 5.63252E-25 -8.992E-04 ( 7.040E-13,-3.061E-14) ( 2.579E-13,-1.157E-14)  1.00E-07
  4.650E+01 5.38899E-25 -9.225E-04 ( 6.877E-13,-2.924E-14) ( 2.548E-13,-1.120E-14)  1.00E-07
  4.700E+01 5.15828E-25 -9.461E-04 ( 6.719E-13,-2.793E-14) ( 2.519E-13,-1.083E-14)  1.00E-07
  4.750E+01 4.93957E-25 -9.701E-04 ( 6.566E-13,-2.668E-14) ( 2.489E-13,-1.048E-14)  1.00E-07
  4.800E+01 4.73214E-25 -9.944E-04 ( 6.418E-13,-2.548E-14) ( 2.461E-13,-1.014E-14)  1.00E-07
  4.850E+01 4.53529E-25 -1.019E-03 ( 6.274E-13,-2.434E-14) ( 2.433E-13,-9.807E-15)  1.00E-07
  4.900E+01 4.34838E-25 -1.044E-03 ( 6.135E-13,-2.325E-14) ( 2.405E-13,-9.485E-15)  1.00E-07
  4.950E+01 4.17083E-25 -1.069E-03 ( 6.000E-13,-2.220E-14) ( 2.378E-13,-9.172E-15)  1.00E-07
  5.000E+01 4.00207E-25 -1.095E-03 ( 5.868E-13,-2.120E-14) ( 2.352E-13,-8.869E-15)  1.00E-07
  5.050E+01 3.84160E-25 -1.121E-03 ( 5.741E-13,-2.024E-14) ( 2.326E-13,-8.575E-15)  1.00E-07
  5.100E+01 3.68892E-25 -1.147E-03 ( 5.617E-13,-1.932E-14) ( 2.300E-13,-8.289E-15)  1.00E-07
  5.150E+01 3.54360E-25 -1.173E-03 ( 5.497E-13,-1.845E-14) ( 2.275E-13,-8.011E-15)  1.00E-07
  5.200E+01 3.40521E-25 -1.200E-03 ( 5.381E-13,-1.760E-14) ( 2.250E-13,-7.742E-15)  1.00E-07
  5.250E+01 3.27337E-25 -1.227E-03 ( 5.267E-13,-1.680E-14) ( 2.226E-13,-7.480E-15)  1.00E-07
  5.300E+01 3.14770E-25 -1.255E-03 ( 5.157E-13,-1.602E-14) ( 2.202E-13,-7.226E-15)  1.00E-07
  5.350E+01 3.02786E-25 -1.283E-03 ( 5.050E-13,-1.528E-14) ( 2.179E-13,-6.978E-15)  1.00E-07
  5.400E+01 2.91354E-25 -1.311E-03 ( 4.946E-13,-1.457E-14) ( 2.156E-13,-6.738E-15)  1.00E-07
  5.450E+01 2.80444E-25 -1.340E-03 ( 4.845E-13,-1.389E-14) ( 2.133E-13,-6.505E-15)  1.00E-07
  5.500E+01 2.70027E-25 -1.369E-03 ( 4.746E-13,-1.324E-14) ( 2.111E-13,-6.278E-15)  1.00E-07
  5.550E+01 2.60076E-25 -1.398E-03 ( 4.650E-13,-1.261E-14) ( 2.089E-13,-6.057E-15)  1.00E-07
  5.600E+01 2.50568E-25 -1.427E-03 ( 4.557E-13,-1.201E-14) ( 2.067E-13,-5.842E-15)  1.00E-07
  5.650E+01 2.41479E-25 -1.457E-03 ( 4.466E-13,-1.144E-14) ( 2.046E-13,-5.634E-15)  1.00E-07
  5.700E+01 2.32787E-25 -1.487E-03 ( 4.377E-13,-1.088E-14) ( 2.025E-13,-5.431E-15)  1.00E-07
  5.750E+01 2.24471E-25 -1.518E-03 ( 4.291E-13,-1.035E-14) ( 2.005E-13,-5.233E-15)  1.00E-07
  5.800E+01 2.16513E-25 -1.549E-03 ( 4.207E-13,-9.843E-15) ( 1.984E-13,-5.041E-15)  1.00E-07
  5.850E+01 2.08894E-25 -1.580E-03 ( 4.125E-13,-9.354E-15) ( 1.965E-13,-4.854E-15)  1.00E-07
  5.900E+01 2.01598E-25 -1.612E-03 ( 4.046E-13,-8.884E-15) ( 1.945E-13,-4.673E-15)  1.00E-07
  5.950E+01 1.94607E-25 -1.644E-03 ( 3.968E-13,-8.433E-15) ( 1.926E-13,-4.496E-15)  1.00E-07
  6.000E+01 1.87907E-25 -1.676E-03 ( 3.892E-13,-8.000E-15) ( 1.907E-13,-4.323E-15)  1.00E-07
  6.050E+01 1.81484E-25 -1.709E-03 ( 3.818E-13,-7.584E-15) ( 1.888E-13,-4.156E-15)  1.00E-07
  6.100E+01 1.75323E-25 -1.742E-03 ( 3.746E-13,-7.184E-15) ( 1.869E-13,-3.993E-15)  1.00E-07
  6.150E+01 1.69414E-25 -1.775E-03 ( 3.675E-13,-6.800E-15) ( 1.851E-13,-3.834E-15)  1.00E-07
  6.200E+01 1.63742E-25 -1.809E-03 ( 3.607E-13,-6.431E-15) ( 1.833E-13,-3.679E-15)  1.00E-07
  6.250E+01 1.58298E-25 -1.843E-03 ( 3.540E-13,-6.077E-15) ( 1.815E-13,-3.529E-15)  1.00E-07
  6.300E+01 1.53069E-25 -1.877E-03 ( 3.474E-13,-5.737E-15) ( 1.798E-13,-3.383E-15)  1.00E-07
  6.350E+01 1.48047E-25 -1.912E-03 ( 3.410E-13,-5.409E-15) ( 1.781E-13,-3.240E-15)  1.00E-07
  6.400E+01 1.43222E-25 -1.947E-03 ( 3.348E-13,-5.095E-15) ( 1.764E-13,-3.101E-15)  1.00E-07
  6.450E+01 1.38583E-25 -1.983E-03 ( 3.287E-13,-4.793E-15) ( 1.747E-13,-2.966E-15)  1.00E-07
  6.500E+01 1.34124E-25 -2.019E-03 ( 3.227E-13,-4.503E-15) ( 1.731E-13,-2.834E-15)  1.00E-07
  6.550E+01 1.29836E-25 -2.055E-03 ( 3.169E-13,-4.223E-15) ( 1.714E-13,-2.706E-15)  1.00E-07
  6.600E+01 1.25710E-25 -2.092E-03 ( 3.112E-13,-3.955E-15) ( 1.698E-13,-2.581E-15)  1.00E-07
  6.650E+01 1.21740E-25 -2.129E-03 ( 3.056E-13,-3.698E-15) ( 1.682E-13,-2.459E-15)  1.00E-07
  6.700E+01 1.17919E-25 -2.166E-03 ( 3.002E-13,-3.450E-15) ( 1.667E-13,-2.341E-15)  1.00E-07
  6.750E+01 1.14240E-25 -2.204E-03 ( 2.949E-13,-3.212E-15) ( 1.651E-13,-2.225E-15)  1.00E-07
  6.800E+01 1.10697E-25 -2.242E-03 ( 2.897E-13,-2.983E-15) ( 1.636E-13,-2.113E-15)  1.00E-07
  6.850E+01 1.07284E-25 -2.280E-03 ( 2.846E-13,-2.763E-15) ( 1.621E-13,-2.003E-15)  1.00E-07
  6.900E+01 1.03996E-25 -2.319E-03 ( 2.796E-13,-2.551E-15) ( 1.606E-13,-1.897E-15)  1.00E-07
  6.950E+01 1.00826E-25 -2.358E-03 ( 2.748E-13,-2.348E-15) ( 1.591E-13,-1.793E-15)  1.00E-07
  7.000E+01 9.77710E-26 -2.398E-03 ( 2.700E-13,-2.153E-15) ( 1.577E-13,-1.691E-15)  1.00E-07
  7.050E+01 9.48247E-26 -2.438E-03 ( 2.653E-13,-1.965E-15) ( 1.562E-13,-1.593E-15)  1.00E-07
  7.100E+01 9.19830E-26 -2.478E-03 ( 2.608E-13,-1.785E-15) ( 1.548E-13,-1.497E-15)  1.00E-07
  7.150E+01 8.92415E-26 -2.519E-03 ( 2.563E-13,-1.611E-15) ( 1.534E-13,-1.403E-15)  1.00E-07
  7.200E+01 8.65960E-26 -2.560E-03 ( 2.519E-13,-1.445E-15) ( 1.520E-13,-1.312E-15)  1.00E-07
  7.250E+01 8.40426E-26 -2.602E-03 ( 2.477E-13,-1.285E-15) ( 1.507E-13,-1.223E-15)  1.00E-07
  7.300E+01 8.15774E-26 -2.644E-03 ( 2.435E-13,-1.131E-15) ( 1.493E-13,-1.137E-15)  1.00E-07
  7.350E+01 7.91970E-26 -2.686E-03 ( 2.394E-13,-9.834E-16) ( 1.480E-13,-1.052E-15)  1.00E-07
  7.400E+01 7.68979E-26 -2.729E-03 ( 2.353E-13,-8.416E-16) ( 1.467E-13,-9.704E-16)  1.00E-07
  7.450E+01 7.46767E-26 -2.772E-03 ( 2.314E-13,-7.054E-16) ( 1.454E-13,-8.904E-16)  1.00E-07
  7.500E+01 7.25305E-26 -2.816E-03 ( 2.275E-13,-5.745E-16) ( 1.441E-13,-8.126E-16)  1.00E-07
  7.550E+01 7.04562E-26 -2.860E-03 ( 2.238E-13,-4.489E-16) ( 1.428E-13,-7.368E-16)  1.00E-07
  7.600E+01 6.84510E-26 -2.904E-03 ( 2.200E-13,-3.283E-16) ( 1.415E-13,-6.629E-16)  1.00E-07
  7.650E+01 6.65122E-26 -2.949E-03 ( 2.164E-13,-2.125E-16) ( 1.403E-13,-5.910E-16)  1.00E-07
  7.700E+01 6.46372E-26 -2.994E-03 ( 2.128E-13,-1.014E-16) ( 1.390E-13,-5.210E-16)  1.00E-07
  7.750E+01 6.28235E-26 -3.040E-03 ( 2.094E-13, 5.159E-18) ( 1.378E-13,-4.528E-16)  1.00E-07
  7.800E+01 6.10688E-26 -3.086E-03 ( 2.059E-13, 1.074E-16) ( 1.366E-13,-3.864E-16)  1.00E-07
  7.850E+01 5.93709E-26 -3.133E-03 ( 2.026E-13, 2.055E-16) ( 1.354E-13,-3.217E-16)  1.00E-07
  7.900E+01 5.77275E-26 -3.180E-03 ( 1.993E-13, 2.996E-16) ( 1.342E-13,-2.588E-16)  1.00E-07
  7.950E+01 5.61366E-26 -3.227E-03 ( 1.960E-13, 3.898E-16) ( 1.331E-13,-1.975E-16)  1.00E-07
  8.000E+01 5.45963E-26 -3.275E-03 ( 1.929E-13, 4.762E-16) ( 1.319E-13,-1.379E-16)  1.00E-07
  8.050E+01 5.31046E-26 -3.324E-03 ( 1.898E-13, 5.591E-16) ( 1.308E-13,-7.983E-17)  1.00E-07
  8.100E+01 5.16598E-26 -3.372E-03 ( 1.867E-13, 6.384E-16) ( 1.296E-13,-2.333E-17)  1.00E-07
  8.150E+01 5.02601E-26 -3.422E-03 ( 1.837E-13, 7.144E-16) ( 1.285E-13, 3.163E-17)  1.00E-07
  8.200E+01 4.89039E-26 -3.471E-03 ( 1.808E-13, 7.872E-16) ( 1.274E-13, 8.512E-17)  1.00E-07
  8.250E+01 4.75896E-26 -3.522E-03 ( 1.779E-13, 8.568E-16) ( 1.263E-13, 1.372E-16)  1.00E-07
  8.300E+01 4.63157E-26 -3.572E-03 ( 1.751E-13, 9.234E-16) ( 1.252E-13, 1.878E-16)  1.00E-07
  8.350E+01 4.50807E-26 -3.623E-03 ( 1.723E-13, 9.871E-16) ( 1.241E-13, 2.370E-16)  1.00E-07
  8.400E+01 4.38832E-26 -3.675E-03 ( 1.695E-13, 1.048E-15) ( 1.230E-13, 2.849E-16)  1.00E-07
  8.450E+01 4.27219E-26 -3.727E-03 ( 1.669E-13, 1.106E-15) ( 1.220E-13, 3.314E-16)  1.00E-07
  8.500E+01 4.15956E-26 -3.780E-03 ( 1.642E-13, 1.162E-15) ( 1.209E-13, 3.767E-16)  1.00E-07
  8.550E+01 4.05029E-26 -3.833E-03 ( 1.617E-13, 1.215E-15) ( 1.199E-13, 4.207E-16)  1.00E-07
  8.600E+01 3.94427E-26 -3.886E-03 ( 1.591E-13, 1.265E-15) ( 1.188E-13, 4.635E-16)  1.00E-07
  8.650E+01 3.84140E-26 -3.940E-03 ( 1.566E-13, 1.314E-15) ( 1.178E-13, 5.050E-16)  1.00E-07
  8.700E+01 3.74155E-26 -3.995E-03 ( 1.542E-13, 1.360E-15) ( 1.168E-13, 5.454E-16)  1.00E-07
  8.750E+01 3.64462E-26 -4.050E-03 ( 1.518E-13, 1.404E-15) ( 1.158E-13, 5.846E-16)  1.00E-07
  8.800E+01 3.55052E-26 -4.105E-03 ( 1.494E-13, 1.445E-15) ( 1.148E-13, 6.226E-16)  1.00E-07
  8.850E+01 3.45915E-26 -4.161E-03 ( 1.471E-13, 1.485E-15) ( 1.138E-13, 6.596E-16)  1.00E-07
  8.900E+01 3.37041E-26 -4.218E-03 ( 1.448E-13, 1.523E-15) ( 1.128E-13, 6.955E-16)  1.00E-07
  8.950E+01 3.28423E-26 -4.275E-03 ( 1.426E-13, 1.558E-15) ( 1.119E-13, 7.303E-16)  1.00E-07
  9.000E+01 3.20050E-26 -4.333E-03 ( 1.404E-13, 1.592E-15) ( 1.109E-13, 7.641E-16)  1.00E-07
  9.050E+01 3.11915E-26 -4.391E-03 ( 1.382E-13, 1.625E-15) ( 1.099E-13, 7.968E-16)  1.00E-07
  9.100E+01 3.04011E-26 -4.450E-03 ( 1.361E-13, 1.655E-15) ( 1.090E-13, 8.286E-16)  1.00E-07
  9.150E+01 2.96329E-26 -4.509E-03 ( 1.340E-13, 1.684E-15) ( 1.081E-13, 8.594E-16)  1.00E-07
  9.200E+01 2.88862E-26 -4.569E-03 ( 1.319E-13, 1.711E-15) ( 1.071E-13, 8.892E-16)  1.00E-07
  9.250E+01 2.81604E-26 -4.630E-03 ( 1.299E-13, 1.737E-15) ( 1.062E-13, 9.181E-16)  1.00E-07
  9.300E+01 2.74547E-26 -4.691E-03 ( 1.279E-13, 1.761E-15) ( 1.053E-13, 9.461E-16)  1.00E-07
  9.350E+01 2.67685E-26 -4.752E-03 ( 1.260E-13, 1.784E-15) ( 1.044E-13, 9.732E-16)  1.00E-07
  9.400E+01 2.61011E-26 -4.814E-03 ( 1.240E-13, 1.805E-15) ( 1.035E-13, 9.994E-16)  1.00E-07
  9.450E+01 2.54520E-26 -4.877E-03 ( 1.222E-13, 1.825E-15) ( 1.026E-13, 1.025E-15)  1.00E-07
  9.500E+01 2.48206E-26 -4.941E-03 ( 1.203E-13, 1.844E-15) ( 1.017E-13, 1.049E-15)  1.00E-07
  9.550E+01 2.42064E-26 -5.005E-03 ( 1.185E-13, 1.862E-15) ( 1.008E-13, 1.073E-15)  1.00E-07
  9.600E+01 2.36087E-26 -5.069E-03 ( 1.167E-13, 1.878E-15) ( 9.995E-14, 1.096E-15)  1.00E-07
  9.650E+01 2.30270E-26 -5.135E-03 ( 1.149E-13, 1.893E-15) ( 9.909E-14, 1.118E-15)  1.00E-07
  9.700E+01 2.24610E-26 -5.200E-03 ( 1.132E-13, 1.907E-15) ( 9.823E-14, 1.139E-15)  1.00E-07
  9.750E+01 2.19100E-26 -5.267E-03 ( 1.115E-13, 1.920E-15) ( 9.738E-14, 1.160E-15)  1.00E-07
  9.800E+01 2.13736E-26 -5.334E-03 ( 1.098E-13, 1.932E-15) ( 9.653E-14, 1.180E-15)  1.00E-07
  9.850E+01 2.08514E-26 -5.402E-03 ( 1.081E-13, 1.943E-15) ( 9.569E-14, 1.199E-15)  1.00E-07
  9.900E+01 2.03430E-26 -5.471E-03 ( 1.065E-13, 1.953E-15) ( 9.486E-14, 1.217E-15)  1.00E-07
  9.950E+01 1.98478E-26 -5.540E-03 ( 1.049E-13, 1.962E-15) ( 9.403E-14, 1.235E-15)  1.00E-07
  1.000E+02 1.93656E-26 -5.610E-03 ( 1.033E-13, 1.970E-15) ( 9.321E-14, 1.252E-15)  1.00E-07
  1.005E+02 1.88959E-26 -5.680E-03 ( 1.018E-13, 1.977E-15) ( 9.239E-14, 1.268E-15)  1.00E-07
  1.010E+02 1.84383E-26 -5.751E-03 ( 1.002E-13, 1.984E-15) ( 9.158E-14, 1.284E-15)  1.00E-07
  1.015E+02 1.79925E-26 -5.823E-03 ( 9.873E-14, 1.990E-15) ( 9.077E-14, 1.299E-15)  1.00E-07
  1.020E+02 1.75582E-26 -5.896E-03 ( 9.725E-14, 1.994E-15) ( 8.997E-14, 1.313E-15)  1.00E-07
  1.025E+02 1.71350E-26 -5.970E-03 ( 9.579E-14, 1.999E-15) ( 8.918E-14, 1.327E-15)  1.00E-07
  1.030E+02 1.67225E-26 -6.044E-03 ( 9.436E-14, 2.002E-15) ( 8.839E-14, 1.340E-15)  1.00E-07
  1.035E+02 1.63205E-26 -6.119E-03 ( 9.295E-14, 2.005E-15) ( 8.761E-14, 1.352E-15)  1.00E-07
  1.040E+02 1.59286E-26 -6.194E-03 ( 9.156E-14, 2.007E-15) ( 8.683E-14, 1.364E-15)  1.00E-07
  1.045E+02 1.55466E-26 -6.271E-03 ( 9.019E-14, 2.008E-15) ( 8.606E-14, 1.376E-15)  1.00E-07
  1.050E+02 1.51741E-26 -6.348E-03 ( 8.885E-14, 2.009E-15) ( 8.529E-14, 1.387E-15)  1.00E-07
  1.055E+02 1.48110E-26 -6.426E-03 ( 8.752E-14, 2.009E-15) ( 8.453E-14, 1.397E-15)  1.00E-07
  1.060E+02 1.44569E-26 -6.505E-03 ( 8.622E-14, 2.009E-15) ( 8.377E-14, 1.406E-15)  1.00E-07
  1.065E+02 1.41115E-26 -6.585E-03 ( 8.493E-14, 2.008E-15) ( 8.302E-14, 1.416E-15)  1.00E-07
  1.070E+02 1.37747E-26 -6.665E-03 ( 8.367E-14, 2.006E-15) ( 8.227E-14, 1.424E-15)  1.00E-07
  1.075E+02 1.34462E-26 -6.747E-03 ( 8.242E-14, 2.004E-15) ( 8.153E-14, 1.432E-15)  1.00E-07
  1.080E+02 1.31257E-26 -6.829E-03 ( 8.120E-14, 2.002E-15) ( 8.079E-14, 1.440E-15)  1.00E-07
  1.085E+02 1.28130E-26 -6.912E-03 ( 7.999E-14, 1.999E-15) ( 8.006E-14, 1.447E-15)  1.00E-07
  1.090E+02 1.25080E-26 -6.996E-03 ( 7.880E-14, 1.996E-15) ( 7.933E-14, 1.454E-15)  1.00E-07
  1.095E+02 1.22103E-26 -7.081E-03 ( 7.763E-14, 1.992E-15) ( 7.860E-14, 1.460E-15)  1.00E-07
  1.100E+02 1.19198E-26 -7.167E-03 ( 7.648E-14, 1.988E-15) ( 7.788E-14, 1.466E-15)  1.00E-07
  1.105E+02 1.16364E-26 -7.254E-03 ( 7.534E-14, 1.983E-15) ( 7.716E-14, 1.471E-15)  1.00E-07
  1.110E+02 1.13597E-26 -7.342E-03 ( 7.422E-14, 1.978E-15) ( 7.645E-14, 1.476E-15)  1.00E-07
  1.115E+02 1.10896E-26 -7.430E-03 ( 7.312E-14, 1.973E-15) ( 7.574E-14, 1.480E-15)  1.00E-07
  1.120E+02 1.08260E-26 -7.520E-03 ( 7.204E-14, 1.967E-15) ( 7.504E-14, 1.484E-15)  1.00E-07
  1.125E+02 1.05687E-26 -7.611E-03 ( 7.097E-14, 1.961E-15) ( 7.434E-14, 1.487E-15)  1.00E-07
  1.130E+02 1.03174E-26 -7.702E-03 ( 6.992E-14, 1.955E-15) ( 7.364E-14, 1.491E-15)  1.00E-07
  1.135E+02 1.00721E-26 -7.795E-03 ( 6.888E-14, 1.948E-15) ( 7.295E-14, 1.493E-15)  1.00E-07
  1.140E+02 9.83257E-27 -7.889E-03 ( 6.786E-14, 1.941E-15) ( 7.226E-14, 1.495E-15)  1.00E-07
  1.145E+02 9.59865E-27 -7.984E-03 ( 6.685E-14, 1.934E-15) ( 7.158E-14, 1.497E-15)  1.00E-07
  1.150E+02 9.37020E-27 -8.080E-03 ( 6.586E-14, 1.926E-15) ( 7.090E-14, 1.499E-15)  1.00E-07
  1.155E+02 9.14708E-27 -8.177E-03 ( 6.489E-14, 1.919E-15) ( 7.022E-14, 1.500E-15)  1.00E-07
  1.160E+02 8.92915E-27 -8.275E-03 ( 6.393E-14, 1.911E-15) ( 6.955E-14, 1.501E-15)  1.00E-07
  1.165E+02 8.71628E-27 -8.374E-03 ( 6.298E-14, 1.902E-15) ( 6.888E-14, 1.501E-15)  1.00E-07
  1.170E+02 8.50833E-27 -8.475E-03 ( 6.205E-14, 1.894E-15) ( 6.821E-14, 1.501E-15)  1.00E-07
  1.175E+02 8.30518E-27 -8.576E-03 ( 6.113E-14, 1.885E-15) ( 6.755E-14, 1.501E-15)  1.00E-07
  1.180E+02 8.10670E-27 -8.679E-03 ( 6.022E-14, 1.876E-15) ( 6.689E-14, 1.500E-15)  1.00E-07
  1.185E+02 7.91278E-27 -8.783E-03 ( 5.933E-14, 1.867E-15) ( 6.623E-14, 1.499E-15)  1.00E-07
  1.190E+02 7.72329E-27 -8.888E-03 ( 5.846E-14, 1.858E-15) ( 6.558E-14, 1.497E-15)  1.00E-07
  1.195E+02 7.53813E-27 -8.995E-03 ( 5.759E-14, 1.849E-15) ( 6.493E-14, 1.496E-15)  1.00E-07
  1.200E+02 7.35719E-27 -9.103E-03 ( 5.674E-14, 1.839E-15) ( 6.428E-14, 1.494E-15)  1.00E-07
  1.205E+02 7.18035E-27 -9.212E-03 ( 5.590E-14, 1.830E-15) ( 6.364E-14, 1.491E-15)  1.00E-07
  1.210E+02 7.00753E-27 -9.323E-03 ( 5.507E-14, 1.820E-15) ( 6.300E-14, 1.489E-15)  1.00E-07
  1.215E+02 6.83861E-27 -9.435E-03 ( 5.426E-14, 1.810E-15) ( 6.236E-14, 1.486E-15)  1.00E-07
  1.220E+02 6.67350E-27 -9.548E-03 ( 5.346E-14, 1.800E-15) ( 6.173E-14, 1.482E-15)  1.00E-07
  1.225E+02 6.51210E-27 -9.663E-03 ( 5.267E-14, 1.790E-15) ( 6.110E-14, 1.479E-15)  1.00E-07
  1.230E+02 6.35433E-27 -9.779E-03 ( 5.189E-14, 1.779E-15) ( 6.047E-14, 1.475E-15)  1.00E-07
  1.235E+02 6.20010E-27 -9.896E-03 ( 5.112E-14, 1.769E-15) ( 5.984E-14, 1.471E-15)  1.00E-07
  1.240E+02 6.04932E-27 -1.002E-02 ( 5.037E-14, 1.758E-15) ( 5.922E-14, 1.466E-15)  1.00E-07
  1.245E+02 5.90190E-27 -1.014E-02 ( 4.962E-14, 1.748E-15) ( 5.860E-14, 1.461E-15)  1.00E-07
  1.250E+02 5.75777E-27 -1.026E-02 ( 4.889E-14, 1.737E-15) ( 5.799E-14, 1.456E-15)  1.00E-07
  1.255E+02 5.61684E-27 -1.038E-02 ( 4.817E-14, 1.727E-15) ( 5.737E-14, 1.451E-15)  1.00E-07
  1.260E+02 5.47904E-27 -1.051E-02 ( 4.746E-14, 1.716E-15) ( 5.676E-14, 1.446E-15)  1.00E-07
  1.265E+02 5.34430E-27 -1.064E-02 ( 4.676E-14, 1.705E-15) ( 5.615E-14, 1.440E-15)  1.00E-07
  1.270E+02 5.21254E-27 -1.076E-02 ( 4.607E-14, 1.694E-15) ( 5.555E-14, 1.434E-15)  1.00E-07
  1.275E+02 5.08369E-27 -1.089E-02 ( 4.539E-14, 1.683E-15) ( 5.494E-14, 1.428E-15)  1.00E-07
  1.280E+02 4.95769E-27 -1.103E-02 ( 4.472E-14, 1.672E-15) ( 5.434E-14, 1.421E-15)  1.00E-07
  1.285E+02 4.83446E-27 -1.116E-02 ( 4.406E-14, 1.661E-15) ( 5.374E-14, 1.414E-15)  1.00E-07
  1.290E+02 4.71395E-27 -1.130E-02 ( 4.341E-14, 1.651E-15) ( 5.315E-14, 1.407E-15)  1.00E-07
  1.295E+02 4.59608E-27 -1.143E-02 ( 4.277E-14, 1.640E-15) ( 5.255E-14, 1.400E-15)  1.00E-07
  1.300E+02 4.48081E-27 -1.157E-02 ( 4.214E-14, 1.629E-15) ( 5.196E-14, 1.393E-15)  1.00E-07
  1.305E+02 4.36806E-27 -1.172E-02 ( 4.152E-14, 1.618E-15) ( 5.137E-14, 1.385E-15)  1.00E-07
  1.310E+02 4.25779E-27 -1.186E-02 ( 4.091E-14, 1.606E-15) ( 5.079E-14, 1.377E-15)  1.00E-07
  1.315E+02 4.14993E-27 -1.200E-02 ( 4.031E-14, 1.595E-15) ( 5.020E-14, 1.369E-15)  1.00E-07
  1.320E+02 4.04443E-27 -1.215E-02 ( 3.972E-14, 1.584E-15) ( 4.962E-14, 1.361E-15)  1.00E-07
  1.325E+02 3.94124E-27 -1.230E-02 ( 3.914E-14, 1.573E-15) ( 4.904E-14, 1.352E-15)  1.00E-07
  1.330E+02 3.84031E-27 -1.245E-02 ( 3.857E-14, 1.563E-15) ( 4.846E-14, 1.343E-15)  1.00E-07
  1.335E+02 3.74158E-27 -1.261E-02 ( 3.800E-14, 1.552E-15) ( 4.789E-14, 1.334E-15)  1.00E-07
  1.340E+02 3.64501E-27 -1.276E-02 ( 3.745E-14, 1.541E-15) ( 4.731E-14, 1.325E-15)  1.00E-07
  1.345E+02 3.55055E-27 -1.292E-02 ( 3.690E-14, 1.530E-15) ( 4.674E-14, 1.316E-15)  1.00E-07
  1.350E+02 3.45816E-27 -1.308E-02 ( 3.636E-14, 1.519E-15) ( 4.617E-14, 1.307E-15)  1.00E-07
  1.355E+02 3.36778E-27 -1.325E-02 ( 3.583E-14, 1.508E-15) ( 4.561E-14, 1.297E-15)  1.00E-07
  1.360E+02 3.27938E-27 -1.341E-02 ( 3.531E-14, 1.497E-15) ( 4.504E-14, 1.287E-15)  1.00E-07
  1.365E+02 3.19291E-27 -1.358E-02 ( 3.480E-14, 1.486E-15) ( 4.448E-14, 1.277E-15)  1.00E-07
  1.370E+02 3.10833E-27 -1.375E-02 ( 3.429E-14, 1.476E-15) ( 4.392E-14, 1.267E-15)  1.00E-07
  1.375E+02 3.02561E-27 -1.392E-02 ( 3.380E-14, 1.465E-15) ( 4.336E-14, 1.256E-15)  1.00E-07
  1.380E+02 2.94469E-27 -1.410E-02 ( 3.331E-14, 1.455E-15) ( 4.280E-14, 1.246E-15)  1.00E-07
  1.385E+02 2.86555E-27 -1.428E-02 ( 3.283E-14, 1.444E-15) ( 4.224E-14, 1.235E-15)  1.00E-07
  1.390E+02 2.78815E-27 -1.446E-02 ( 3.235E-14, 1.434E-15) ( 4.169E-14, 1.224E-15)  1.00E-07
  1.395E+02 2.71245E-27 -1.464E-02 ( 3.189E-14, 1.423E-15) ( 4.114E-14, 1.213E-15)  1.00E-07
  1.400E+02 2.63841E-27 -1.483E-02 ( 3.143E-14, 1.413E-15) ( 4.059E-14, 1.202E-15)  1.00E-07
  1.405E+02 2.56601E-27 -1.502E-02 ( 3.098E-14, 1.402E-15) ( 4.004E-14, 1.190E-15)  1.00E-07
  1.410E+02 2.49521E-27 -1.521E-02 ( 3.054E-14, 1.392E-15) ( 3.949E-14, 1.179E-15)  1.00E-07
  1.415E+02 2.42597E-27 -1.541E-02 ( 3.010E-14, 1.382E-15) ( 3.894E-14, 1.167E-15)  1.00E-07
  1.420E+02 2.35826E-27 -1.560E-02 ( 2.967E-14, 1.372E-15) ( 3.840E-14, 1.155E-15)  1.00E-07
  1.425E+02 2.29206E-27 -1.580E-02 ( 2.925E-14, 1.362E-15) ( 3.786E-14, 1.144E-15)  1.00E-07
  1.430E+02 2.22733E-27 -1.601E-02 ( 2.884E-14, 1.352E-15) ( 3.732E-14, 1.131E-15)  1.00E-07
  1.435E+02 2.16405E-27 -1.622E-02 ( 2.843E-14, 1.342E-15) ( 3.678E-14, 1.119E-15)  1.00E-07
  1.440E+02 2.10219E-27 -1.643E-02 ( 2.804E-14, 1.333E-15) ( 3.624E-14, 1.107E-15)  1.00E-07
  1.445E+02 2.04171E-27 -1.664E-02 ( 2.764E-14, 1.323E-15) ( 3.570E-14, 1.094E-15)  1.00E-07
  1.450E+02 1.98260E-27 -1.686E-02 ( 2.726E-14, 1.314E-15) ( 3.517E-14, 1.082E-15)  1.00E-07
  1.455E+02 1.92482E-27 -1.708E-02 ( 2.688E-14, 1.304E-15) ( 3.463E-14, 1.069E-15)  1.00E-07
  1.460E+02 1.86836E-27 -1.730E-02 ( 2.651E-14, 1.295E-15) ( 3.410E-14, 1.056E-15)  1.00E-07
  1.465E+02 1.81318E-27 -1.753E-02 ( 2.614E-14, 1.286E-15) ( 3.357E-14, 1.043E-15)  1.00E-07
  1.470E+02 1.75926E-27 -1.776E-02 ( 2.578E-14, 1.276E-15) ( 3.304E-14, 1.030E-15)  1.00E-07
  1.475E+02 1.70659E-27 -1.799E-02 ( 2.543E-14, 1.267E-15) ( 3.251E-14, 1.017E-15)  1.00E-07
  1.480E+02 1.65513E-27 -1.822E-02 ( 2.509E-14, 1.258E-15) ( 3.199E-14, 1.003E-15)  1.00E-07
  1.485E+02 1.60487E-27 -1.846E-02 ( 2.475E-14, 1.250E-15) ( 3.146E-14, 9.898E-16)  1.00E-07
  1.490E+02 1.55578E-27 -1.871E-02 ( 2.442E-14, 1.241E-15) ( 3.094E-14, 9.762E-16)  1.00E-07
  1.495E+02 1.50784E-27 -1.895E-02 ( 2.409E-14, 1.232E-15) ( 3.041E-14, 9.625E-16)  1.00E-07
  1.500E+02 1.46103E-27 -1.920E-02 ( 2.377E-14, 1.224E-15) ( 2.989E-14, 9.487E-16)  1.00E-07
  1.505E+02 1.41534E-27 -1.946E-02 ( 2.346E-14, 1.215E-15) ( 2.937E-14, 9.348E-16)  1.00E-07
  1.510E+02 1.37074E-27 -1.971E-02 ( 2.315E-14, 1.207E-15) ( 2.885E-14, 9.208E-16)  1.00E-07
  1.515E+02 1.32721E-27 -1.997E-02 ( 2.285E-14, 1.199E-15) ( 2.833E-14, 9.067E-16)  1.00E-07
  1.520E+02 1.28474E-27 -2.023E-02 ( 2.255E-14, 1.191E-15) ( 2.782E-14, 8.925E-16)  1.00E-07
  1.525E+02 1.24331E-27 -2.050E-02 ( 2.227E-14, 1.183E-15) ( 2.730E-14, 8.782E-16)  1.00E-07
  1.530E+02 1.20290E-27 -2.077E-02 ( 2.198E-14, 1.175E-15) ( 2.679E-14, 8.639E-16)  1.00E-07
  1.535E+02 1.16349E-27 -2.104E-02 ( 2.171E-14, 1.168E-15) ( 2.627E-14, 8.494E-16)  1.00E-07
  1.540E+02 1.12508E-27 -2.131E-02 ( 2.144E-14, 1.160E-15) ( 2.576E-14, 8.348E-16)  1.00E-07
  1.545E+02 1.08763E-27 -2.158E-02 ( 2.117E-14, 1.153E-15) ( 2.525E-14, 8.202E-16)  1.00E-07
  1.550E+02 1.05115E-27 -2.186E-02 ( 2.091E-14, 1.145E-15) ( 2.474E-14, 8.054E-16)  1.00E-07
  1.555E+02 1.01560E-27 -2.214E-02 ( 2.066E-14, 1.138E-15) ( 2.423E-14, 7.906E-16)  1.00E-07
  1.560E+02 9.80986E-28 -2.242E-02 ( 2.041E-14, 1.131E-15) ( 2.372E-14, 7.757E-16)  1.00E-07
  1.565E+02 9.47284E-28 -2.270E-02 ( 2.017E-14, 1.124E-15) ( 2.321E-14, 7.607E-16)  1.00E-07
  1.570E+02 9.14483E-28 -2.298E-02 ( 1.993E-14, 1.117E-15) ( 2.270E-14, 7.456E-16)  1.00E-07
  1.575E+02 8.82569E-28 -2.326E-02 ( 1.970E-14, 1.111E-15) ( 2.220E-14, 7.305E-16)  1.00E-07
  1.580E+02 8.51530E-28 -2.354E-02 ( 1.948E-14, 1.104E-15) ( 2.169E-14, 7.153E-16)  1.00E-07
  1.585E+02 8.21353E-28 -2.381E-02 ( 1.926E-14, 1.098E-15) ( 2.119E-14, 7.000E-16)  1.00E-07
  1.590E+02 7.92027E-28 -2.409E-02 ( 1.904E-14, 1.092E-15) ( 2.068E-14, 6.847E-16)  1.00E-07
  1.595E+02 7.63539E-28 -2.436E-02 ( 1.883E-14, 1.085E-15) ( 2.018E-14, 6.693E-16)  1.00E-07
  1.600E+02 7.35878E-28 -2.463E-02 ( 1.863E-14, 1.079E-15) ( 1.968E-14, 6.538E-16)  1.00E-07
  1.605E+02 7.09033E-28 -2.489E-02 ( 1.843E-14, 1.074E-15) ( 1.918E-14, 6.382E-16)  1.00E-07
  1.610E+02 6.82995E-28 -2.515E-02 ( 1.824E-14, 1.068E-15) ( 1.868E-14, 6.226E-16)  1.00E-07
  1.615E+02 6.57751E-28 -2.539E-02 ( 1.805E-14, 1.062E-15) ( 1.818E-14, 6.070E-16)  1.00E-07
  1.620E+02 6.33293E-28 -2.563E-02 ( 1.787E-14, 1.057E-15) ( 1.768E-14, 5.912E-16)  1.00E-07
  1.625E+02 6.09611E-28 -2.586E-02 ( 1.769E-14, 1.052E-15) ( 1.718E-14, 5.755E-16)  1.00E-07
  1.630E+02 5.86696E-28 -2.607E-02 ( 1.752E-14, 1.047E-15) ( 1.668E-14, 5.596E-16)  1.00E-07
  1.635E+02 5.64539E-28 -2.627E-02 ( 1.736E-14, 1.042E-15) ( 1.618E-14, 5.437E-16)  1.00E-07
  1.640E+02 5.43131E-28 -2.645E-02 ( 1.720E-14, 1.037E-15) ( 1.569E-14, 5.278E-16)  1.00E-07
  1.645E+02 5.22464E-28 -2.661E-02 ( 1.704E-14, 1.032E-15) ( 1.519E-14, 5.118E-16)  1.00E-07
  1.650E+02 5.02530E-28 -2.675E-02 ( 1.689E-14, 1.027E-15) ( 1.469E-14, 4.958E-16)  1.00E-07
  1.655E+02 4.83322E-28 -2.686E-02 ( 1.675E-14, 1.023E-15) ( 1.420E-14, 4.797E-16)  1.00E-07
  1.660E+02 4.64831E-28 -2.694E-02 ( 1.661E-14, 1.019E-15) ( 1.370E-14, 4.635E-16)  1.00E-07
  1.665E+02 4.47051E-28 -2.699E-02 ( 1.647E-14, 1.015E-15) ( 1.321E-14, 4.474E-16)  1.00E-07
  1.670E+02 4.29975E-28 -2.700E-02 ( 1.634E-14, 1.011E-15) ( 1.272E-14, 4.311E-16)  1.00E-07
  1.675E+02 4.13596E-28 -2.697E-02 ( 1.622E-14, 1.007E-15) ( 1.222E-14, 4.149E-16)  1.00E-07
  1.680E+02 3.97908E-28 -2.689E-02 ( 1.610E-14, 1.003E-15) ( 1.173E-14, 3.986E-16)  1.00E-07
  1.685E+02 3.82906E-28 -2.676E-02 ( 1.598E-14, 9.994E-16) ( 1.124E-14, 3.823E-16)  1.00E-07
  1.690E+02 3.68583E-28 -2.657E-02 ( 1.587E-14, 9.960E-16) ( 1.075E-14, 3.659E-16)  1.00E-07
  1.695E+02 3.54934E-28 -2.632E-02 ( 1.577E-14, 9.928E-16) ( 1.026E-14, 3.495E-16)  1.00E-07
  1.700E+02 3.41954E-28 -2.601E-02 ( 1.567E-14, 9.897E-16) ( 9.765E-15, 3.330E-16)  1.00E-07
  1.705E+02 3.29637E-28 -2.561E-02 ( 1.557E-14, 9.867E-16) ( 9.275E-15, 3.166E-16)  1.00E-07
  1.710E+02 3.17980E-28 -2.514E-02 ( 1.548E-14, 9.839E-16) ( 8.785E-15, 3.001E-16)  1.00E-07
  1.715E+02 3.06978E-28 -2.458E-02 ( 1.540E-14, 9.813E-16) ( 8.295E-15, 2.836E-16)  1.00E-07
  1.720E+02 2.96626E-28 -2.393E-02 ( 1.532E-14, 9.788E-16) ( 7.805E-15, 2.670E-16)  1.00E-07
  1.725E+02 2.86921E-28 -2.318E-02 ( 1.524E-14, 9.764E-16) ( 7.316E-15, 2.504E-16)  1.00E-07
  1.730E+02 2.77859E-28 -2.233E-02 ( 1.517E-14, 9.742E-16) ( 6.827E-15, 2.339E-16)  1.00E-07
  1.735E+02 2.69437E-28 -2.138E-02 ( 1.511E-14, 9.721E-16) ( 6.338E-15, 2.172E-16)  1.00E-07
  1.740E+02 2.61651E-28 -2.031E-02 ( 1.505E-14, 9.702E-16) ( 5.850E-15, 2.006E-16)  1.00E-07
  1.745E+02 2.54499E-28 -1.913E-02 ( 1.499E-14, 9.685E-16) ( 5.362E-15, 1.839E-16)  1.00E-07
  1.750E+02 2.47977E-28 -1.785E-02 ( 1.494E-14, 9.669E-16) ( 4.874E-15, 1.673E-16)  1.00E-07
  1.755E+02 2.42084E-28 -1.645E-02 ( 1.490E-14, 9.654E-16) ( 4.386E-15, 1.506E-16)  1.00E-07
  1.760E+02 2.36817E-28 -1.494E-02 ( 1.486E-14, 9.641E-16) ( 3.898E-15, 1.339E-16)  1.00E-07
  1.765E+02 2.32175E-28 -1.333E-02 ( 1.482E-14, 9.630E-16) ( 3.410E-15, 1.172E-16)  1.04E-07
  1.770E+02 2.28155E-28 -1.163E-02 ( 1.479E-14, 9.620E-16) ( 2.923E-15, 1.005E-16)  1.00E-07
  1.775E+02 2.24756E-28 -9.833E-03 ( 1.476E-14, 9.612E-16) ( 2.436E-15, 8.374E-17)  1.00E-07
  1.780E+02 2.21977E-28 -7.963E-03 ( 1.474E-14, 9.605E-16) ( 1.948E-15, 6.701E-17)  1.00E-07
  1.785E+02 2.19816E-28 -6.030E-03 ( 1.472E-14, 9.600E-16) ( 1.461E-15, 5.026E-17)  1.38E-07
  1.790E+02 2.18273E-28 -4.048E-03 ( 1.471E-14, 9.596E-16) ( 9.741E-16, 3.351E-17)  2.05E-07
  1.795E+02 2.17348E-28 -2.029E-03 ( 1.470E-14, 9.593E-16) ( 4.870E-16, 1.678E-17)  2.82E-07
  1.800E+02 2.17044E-28 -2.975E-17 ( 1.470E-14, 9.591E-16) ( 6.844E-30, 2.269E-31)  1.33E-06

  **** DPWA0 ENDED ************************************************************

