

  **** PARTIAL WAVE ANALYSIS (DPWA0) ******************************************


  KINETIC ENERGY = 3.70000E+06 eV

  ONLY INNER PHASE SHIFTS ARE TABULATED

      L       PHASE(SPIN UP)     PHASE(SPIN DOWN)
  -----------------------------------------------
       0     -5.05831717E-05      0.00000000E+00
       1     -1.03092212E-08     -3.96761260E-05
       2     -1.78020808E-12     -8.08098321E-09
       3      0.00000000E+00     -1.39514740E-12
       4      0.00000000E+00      0.00000000E+00
       5      0.00000000E+00      0.00000000E+00
       6      0.00000000E+00      0.00000000E+00
       7      0.00000000E+00      0.00000000E+00
       8      0.00000000E+00      0.00000000E+00
       9      0.00000000E+00      0.00000000E+00
      10      0.00000000E+00      0.00000000E+00
      11      0.00000000E+00      0.00000000E+00


  *** SCATTERING AMPLITUDES AND DIFFERENTIAL CROSS SECTION ***

    ANGLE      DCS       ASYMMETRY    DIRECT AMPLITUDE       SPIN-FLIP AMPLITUDE     ERROR
    (deg)   (cm**2/sr)                      (cm)                    (cm)
  -------------------------------------------------------------------------------------------
  0.000E+00 1.00000E-45  0.000E+00 ( 0.000E+00, 0.000E+00) ( 0.000E+00, 0.000E+00)  1.00E+00
  1.000E-04 1.00000E-45  0.000E+00 ( 0.000E+00, 0.000E+00) ( 0.000E+00, 0.000E+00)  1.00E+00
  1.250E-04 1.00000E-45  0.000E+00 ( 0.000E+00, 0.000E+00) ( 0.000E+00, 0.000E+00)  1.00E+00
  1.500E-04 1.00000E-45  0.000E+00 ( 0.000E+00, 0.000E+00) ( 0.000E+00, 0.000E+00)  1.00E+00
  1.750E-04 1.00000E-45  0.000E+00 ( 0.000E+00, 0.000E+00) ( 0.000E+00, 0.000E+00)  1.00E+00
  2.000E-04 1.00000E-45  0.000E+00 ( 0.000E+00, 0.000E+00) ( 0.000E+00, 0.000E+00)  1.00E+00
  2.250E-04 1.00000E-45  0.000E+00 ( 0.000E+00, 0.000E+00) ( 0.000E+00, 0.000E+00)  1.00E+00
  2.500E-04 1.00000E-45  0.000E+00 ( 0.000E+00, 0.000E+00) ( 0.000E+00, 0.000E+00)  1.00E+00
  2.750E-04 1.00000E-45  0.000E+00 ( 0.000E+00, 0.000E+00) ( 0.000E+00, 0.000E+00)  1.00E+00
  3.000E-04 1.00000E-45  0.000E+00 ( 0.000E+00, 0.000E+00) ( 0.000E+00, 0.000E+00)  1.00E+00
  3.250E-04 1.00000E-45  0.000E+00 ( 0.000E+00, 0.000E+00) ( 0.000E+00, 0.000E+00)  1.00E+00
  3.500E-04 1.00000E-45  0.000E+00 ( 0.000E+00, 0.000E+00) ( 0.000E+00, 0.000E+00)  1.00E+00
  3.750E-04 1.00000E-45  0.000E+00 ( 0.000E+00, 0.000E+00) ( 0.000E+00, 0.000E+00)  1.00E+00
  4.000E-04 1.00000E-45  0.000E+00 ( 0.000E+00, 0.000E+00) ( 0.000E+00, 0.000E+00)  1.00E+00
  4.250E-04 1.00000E-45  0.000E+00 ( 0.000E+00, 0.000E+00) ( 0.000E+00, 0.000E+00)  1.00E+00
  4.500E-04 1.00000E-45  0.000E+00 ( 0.000E+00, 0.000E+00) ( 0.000E+00, 0.000E+00)  1.00E+00
  4.750E-04 1.00000E-45  0.000E+00 ( 0.000E+00, 0.000E+00) ( 0.000E+00, 0.000E+00)  1.00E+00
  5.000E-04 1.00000E-45  0.000E+00 ( 0.000E+00, 0.000E+00) ( 0.000E+00, 0.000E+00)  1.00E+00
  5.250E-04 1.00000E-45  0.000E+00 ( 0.000E+00, 0.000E+00) ( 0.000E+00, 0.000E+00)  1.00E+00
  5.500E-04 1.00000E-45  0.000E+00 ( 0.000E+00, 0.000E+00) ( 0.000E+00, 0.000E+00)  1.00E+00
  5.750E-04 1.00000E-45  0.000E+00 ( 0.000E+00, 0.000E+00) ( 0.000E+00, 0.000E+00)  1.00E+00
  6.000E-04 1.00000E-45  0.000E+00 ( 0.000E+00, 0.000E+00) ( 0.000E+00, 0.000E+00)  1.00E+00
  6.250E-04 1.00000E-45  0.000E+00 ( 0.000E+00, 0.000E+00) ( 0.000E+00, 0.000E+00)  1.00E+00
  6.500E-04 1.00000E-45  0.000E+00 ( 0.000E+00, 0.000E+00) ( 0.000E+00, 0.000E+00)  1.00E+00
  6.750E-04 1.00000E-45  0.000E+00 ( 0.000E+00, 0.000E+00) ( 0.000E+00, 0.000E+00)  1.00E+00
  7.000E-04 1.00000E-45  0.000E+00 ( 0.000E+00, 0.000E+00) ( 0.000E+00, 0.000E+00)  1.00E+00
  7.250E-04 1.00000E-45  0.000E+00 ( 0.000E+00, 0.000E+00) ( 0.000E+00, 0.000E+00)  1.00E+00
  7.500E-04 1.00000E-45  0.000E+00 ( 0.000E+00, 0.000E+00) ( 0.000E+00, 0.000E+00)  1.00E+00
  7.750E-04 1.00000E-45  0.000E+00 ( 0.000E+00, 0.000E+00) ( 0.000E+00, 0.000E+00)  1.00E+00
  8.000E-04 1.00000E-45  0.000E+00 ( 0.000E+00, 0.000E+00) ( 0.000E+00, 0.000E+00)  1.00E+00
  8.250E-04 1.00000E-45  0.000E+00 ( 0.000E+00, 0.000E+00) ( 0.000E+00, 0.000E+00)  1.00E+00
  8.500E-04 1.00000E-45  0.000E+00 ( 0.000E+00, 0.000E+00) ( 0.000E+00, 0.000E+00)  1.00E+00
  8.750E-04 1.00000E-45  0.000E+00 ( 0.000E+00, 0.000E+00) ( 0.000E+00, 0.000E+00)  1.00E+00
  9.000E-04 1.00000E-45  0.000E+00 ( 0.000E+00, 0.000E+00) ( 0.000E+00, 0.000E+00)  1.00E+00
  9.250E-04 1.00000E-45  0.000E+00 ( 0.000E+00, 0.000E+00) ( 0.000E+00, 0.000E+00)  1.00E+00
  9.500E-04 1.00000E-45  0.000E+00 ( 0.000E+00, 0.000E+00) ( 0.000E+00, 0.000E+00)  1.00E+00
  9.750E-04 1.00000E-45  0.000E+00 ( 0.000E+00, 0.000E+00) ( 0.000E+00, 0.000E+00)  1.00E+00
  1.000E-03 1.00000E-45  0.000E+00 ( 0.000E+00, 0.000E+00) ( 0.000E+00, 0.000E+00)  1.00E+00
  1.250E-03 1.00000E-45  0.000E+00 ( 0.000E+00, 0.000E+00) ( 0.000E+00, 0.000E+00)  1.00E+00
  1.500E-03 1.00000E-45  0.000E+00 ( 0.000E+00, 0.000E+00) ( 0.000E+00, 0.000E+00)  1.00E+00
  1.750E-03 1.00000E-45  0.000E+00 ( 0.000E+00, 0.000E+00) ( 0.000E+00, 0.000E+00)  1.00E+00
  2.000E-03 1.00000E-45  0.000E+00 ( 0.000E+00, 0.000E+00) ( 0.000E+00, 0.000E+00)  1.00E+00
  2.250E-03 1.00000E-45  0.000E+00 ( 0.000E+00, 0.000E+00) ( 0.000E+00, 0.000E+00)  1.00E+00
  2.500E-03 1.00000E-45  0.000E+00 ( 0.000E+00, 0.000E+00) ( 0.000E+00, 0.000E+00)  1.00E+00
  2.750E-03 1.00000E-45  0.000E+00 ( 0.000E+00, 0.000E+00) ( 0.000E+00, 0.000E+00)  1.00E+00
  3.000E-03 1.00000E-45  0.000E+00 ( 0.000E+00, 0.000E+00) ( 0.000E+00, 0.000E+00)  1.00E+00
  3.250E-03 1.00000E-45  0.000E+00 ( 0.000E+00, 0.000E+00) ( 0.000E+00, 0.000E+00)  1.00E+00
  3.500E-03 1.00000E-45  0.000E+00 ( 0.000E+00, 0.000E+00) ( 0.000E+00, 0.000E+00)  1.00E+00
  3.750E-03 1.00000E-45  0.000E+00 ( 0.000E+00, 0.000E+00) ( 0.000E+00, 0.000E+00)  1.00E+00
  4.000E-03 1.00000E-45  0.000E+00 ( 0.000E+00, 0.000E+00) ( 0.000E+00, 0.000E+00)  1.00E+00
  4.250E-03 1.00000E-45  0.000E+00 ( 0.000E+00, 0.000E+00) ( 0.000E+00, 0.000E+00)  1.00E+00
  4.500E-03 1.00000E-45  0.000E+00 ( 0.000E+00, 0.000E+00) ( 0.000E+00, 0.000E+00)  1.00E+00
  4.750E-03 1.00000E-45  0.000E+00 ( 0.000E+00, 0.000E+00) ( 0.000E+00, 0.000E+00)  1.00E+00
  5.000E-03 1.00000E-45  0.000E+00 ( 0.000E+00, 0.000E+00) ( 0.000E+00, 0.000E+00)  1.00E+00
  5.250E-03 1.00000E-45  0.000E+00 ( 0.000E+00, 0.000E+00) ( 0.000E+00, 0.000E+00)  1.00E+00
  5.500E-03 1.00000E-45  0.000E+00 ( 0.000E+00, 0.000E+00) ( 0.000E+00, 0.000E+00)  1.00E+00
  5.750E-03 1.00000E-45  0.000E+00 ( 0.000E+00, 0.000E+00) ( 0.000E+00, 0.000E+00)  1.00E+00
  6.000E-03 1.00000E-45  0.000E+00 ( 0.000E+00, 0.000E+00) ( 0.000E+00, 0.000E+00)  1.00E+00
  6.250E-03 1.00000E-45  0.000E+00 ( 0.000E+00, 0.000E+00) ( 0.000E+00, 0.000E+00)  1.00E+00
  6.500E-03 1.00000E-45  0.000E+00 ( 0.000E+00, 0.000E+00) ( 0.000E+00, 0.000E+00)  1.00E+00
  6.750E-03 1.00000E-45  0.000E+00 ( 0.000E+00, 0.000E+00) ( 0.000E+00, 0.000E+00)  1.00E+00
  7.000E-03 1.00000E-45  0.000E+00 ( 0.000E+00, 0.000E+00) ( 0.000E+00, 0.000E+00)  1.00E+00
  7.250E-03 1.00000E-45  0.000E+00 ( 0.000E+00, 0.000E+00) ( 0.000E+00, 0.000E+00)  1.00E+00
  7.500E-03 1.00000E-45  0.000E+00 ( 0.000E+00, 0.000E+00) ( 0.000E+00, 0.000E+00)  1.00E+00
  7.750E-03 1.00000E-45  0.000E+00 ( 0.000E+00, 0.000E+00) ( 0.000E+00, 0.000E+00)  1.00E+00
  8.000E-03 1.00000E-45  0.000E+00 ( 0.000E+00, 0.000E+00) ( 0.000E+00, 0.000E+00)  1.00E+00
  8.250E-03 1.00000E-45  0.000E+00 ( 0.000E+00, 0.000E+00) ( 0.000E+00, 0.000E+00)  1.00E+00
  8.500E-03 1.00000E-45  0.000E+00 ( 0.000E+00, 0.000E+00) ( 0.000E+00, 0.000E+00)  1.00E+00
  8.750E-03 1.00000E-45  0.000E+00 ( 0.000E+00, 0.000E+00) ( 0.000E+00, 0.000E+00)  1.00E+00
  9.000E-03 1.00000E-45  0.000E+00 ( 0.000E+00, 0.000E+00) ( 0.000E+00, 0.000E+00)  1.00E+00
  9.250E-03 1.00000E-45  0.000E+00 ( 0.000E+00, 0.000E+00) ( 0.000E+00, 0.000E+00)  1.00E+00
  9.500E-03 1.00000E-45  0.000E+00 ( 0.000E+00, 0.000E+00) ( 0.000E+00, 0.000E+00)  1.00E+00
  9.750E-03 1.00000E-45  0.000E+00 ( 0.000E+00, 0.000E+00) ( 0.000E+00, 0.000E+00)  1.00E+00
  1.000E-02 1.00000E-45  0.000E+00 ( 0.000E+00, 0.000E+00) ( 0.000E+00, 0.000E+00)  1.00E+00
  1.250E-02 1.00000E-45  0.000E+00 ( 0.000E+00, 0.000E+00) ( 0.000E+00, 0.000E+00)  1.00E+00
  1.500E-02 1.00000E-45  0.000E+00 ( 0.000E+00, 0.000E+00) ( 0.000E+00, 0.000E+00)  1.00E+00
  1.750E-02 1.00000E-45  0.000E+00 ( 0.000E+00, 0.000E+00) ( 0.000E+00, 0.000E+00)  1.00E+00
  2.000E-02 1.00000E-45  0.000E+00 ( 0.000E+00, 0.000E+00) ( 0.000E+00, 0.000E+00)  1.00E+00
  2.250E-02 1.00000E-45  0.000E+00 ( 0.000E+00, 0.000E+00) ( 0.000E+00, 0.000E+00)  1.00E+00
  2.500E-02 1.00000E-45  0.000E+00 ( 0.000E+00, 0.000E+00) ( 0.000E+00, 0.000E+00)  1.00E+00
  2.750E-02 1.00000E-45  0.000E+00 ( 0.000E+00, 0.000E+00) ( 0.000E+00, 0.000E+00)  1.00E+00
  3.000E-02 1.00000E-45  0.000E+00 ( 0.000E+00, 0.000E+00) ( 0.000E+00, 0.000E+00)  1.00E+00
  3.250E-02 1.00000E-45  0.000E+00 ( 0.000E+00, 0.000E+00) ( 0.000E+00, 0.000E+00)  1.00E+00
  3.500E-02 1.00000E-45  0.000E+00 ( 0.000E+00, 0.000E+00) ( 0.000E+00, 0.000E+00)  1.00E+00
  3.750E-02 1.00000E-45  0.000E+00 ( 0.000E+00, 0.000E+00) ( 0.000E+00, 0.000E+00)  1.00E+00
  4.000E-02 1.00000E-45  0.000E+00 ( 0.000E+00, 0.000E+00) ( 0.000E+00, 0.000E+00)  1.00E+00
  4.250E-02 1.00000E-45  0.000E+00 ( 0.000E+00, 0.000E+00) ( 0.000E+00, 0.000E+00)  1.00E+00
  4.500E-02 1.00000E-45  0.000E+00 ( 0.000E+00, 0.000E+00) ( 0.000E+00, 0.000E+00)  1.00E+00
  4.750E-02 1.00000E-45  0.000E+00 ( 0.000E+00, 0.000E+00) ( 0.000E+00, 0.000E+00)  1.00E+00
  5.000E-02 1.00000E-45  0.000E+00 ( 0.000E+00, 0.000E+00) ( 0.000E+00, 0.000E+00)  1.00E+00
  5.250E-02 1.00000E-45  0.000E+00 ( 0.000E+00, 0.000E+00) ( 0.000E+00, 0.000E+00)  1.00E+00
  5.500E-02 1.00000E-45  0.000E+00 ( 0.000E+00, 0.000E+00) ( 0.000E+00, 0.000E+00)  1.00E+00
  5.750E-02 1.00000E-45  0.000E+00 ( 0.000E+00, 0.000E+00) ( 0.000E+00, 0.000E+00)  1.00E+00
  6.000E-02 1.00000E-45  0.000E+00 ( 0.000E+00, 0.000E+00) ( 0.000E+00, 0.000E+00)  1.00E+00
  6.250E-02 1.00000E-45  0.000E+00 ( 0.000E+00, 0.000E+00) ( 0.000E+00, 0.000E+00)  1.00E+00
  6.500E-02 1.00000E-45  0.000E+00 ( 0.000E+00, 0.000E+00) ( 0.000E+00, 0.000E+00)  1.00E+00
  6.750E-02 1.00000E-45  0.000E+00 ( 0.000E+00, 0.000E+00) ( 0.000E+00, 0.000E+00)  1.00E+00
  7.000E-02 1.00000E-45  0.000E+00 ( 0.000E+00, 0.000E+00) ( 0.000E+00, 0.000E+00)  1.00E+00
  7.250E-02 1.00000E-45  0.000E+00 ( 0.000E+00, 0.000E+00) ( 0.000E+00, 0.000E+00)  1.00E+00
  7.500E-02 1.00000E-45  0.000E+00 ( 0.000E+00, 0.000E+00) ( 0.000E+00, 0.000E+00)  1.00E+00
  7.750E-02 1.00000E-45  0.000E+00 ( 0.000E+00, 0.000E+00) ( 0.000E+00, 0.000E+00)  1.00E+00
  8.000E-02 1.00000E-45  0.000E+00 ( 0.000E+00, 0.000E+00) ( 0.000E+00, 0.000E+00)  1.00E+00
  8.250E-02 1.00000E-45  0.000E+00 ( 0.000E+00, 0.000E+00) ( 0.000E+00, 0.000E+00)  1.00E+00
  8.500E-02 1.00000E-45  0.000E+00 ( 0.000E+00, 0.000E+00) ( 0.000E+00, 0.000E+00)  1.00E+00
  8.750E-02 1.00000E-45  0.000E+00 ( 0.000E+00, 0.000E+00) ( 0.000E+00, 0.000E+00)  1.00E+00
  9.000E-02 1.00000E-45  0.000E+00 ( 0.000E+00, 0.000E+00) ( 0.000E+00, 0.000E+00)  1.00E+00
  9.250E-02 1.00000E-45  0.000E+00 ( 0.000E+00, 0.000E+00) ( 0.000E+00, 0.000E+00)  1.00E+00
  9.500E-02 1.00000E-45  0.000E+00 ( 0.000E+00, 0.000E+00) ( 0.000E+00, 0.000E+00)  1.00E+00
  9.750E-02 1.00000E-45  0.000E+00 ( 0.000E+00, 0.000E+00) ( 0.000E+00, 0.000E+00)  1.00E+00
  1.000E-01 1.00000E-45  0.000E+00 ( 0.000E+00, 0.000E+00) ( 0.000E+00, 0.000E+00)  1.00E+00
  1.250E-01 1.00000E-45  0.000E+00 ( 0.000E+00, 0.000E+00) ( 0.000E+00, 0.000E+00)  1.00E+00
  1.500E-01 1.00000E-45  0.000E+00 ( 0.000E+00, 0.000E+00) ( 0.000E+00, 0.000E+00)  1.00E+00
  1.750E-01 1.00000E-45  0.000E+00 ( 0.000E+00, 0.000E+00) ( 0.000E+00, 0.000E+00)  1.00E+00
  2.000E-01 1.00000E-45  0.000E+00 ( 0.000E+00, 0.000E+00) ( 0.000E+00, 0.000E+00)  1.00E+00
  2.250E-01 1.00000E-45  0.000E+00 ( 0.000E+00, 0.000E+00) ( 0.000E+00, 0.000E+00)  1.00E+00
  2.500E-01 1.00000E-45  0.000E+00 ( 0.000E+00, 0.000E+00) ( 0.000E+00, 0.000E+00)  1.00E+00
  2.750E-01 1.00000E-45  0.000E+00 ( 0.000E+00, 0.000E+00) ( 0.000E+00, 0.000E+00)  1.00E+00
  3.000E-01 1.00000E-45  0.000E+00 ( 0.000E+00, 0.000E+00) ( 0.000E+00, 0.000E+00)  1.00E+00
  3.250E-01 1.00000E-45  0.000E+00 ( 0.000E+00, 0.000E+00) ( 0.000E+00, 0.000E+00)  1.00E+00
  3.500E-01 1.00000E-45  0.000E+00 ( 0.000E+00, 0.000E+00) ( 0.000E+00, 0.000E+00)  1.00E+00
  3.750E-01 1.00000E-45  0.000E+00 ( 0.000E+00, 0.000E+00) ( 0.000E+00, 0.000E+00)  1.00E+00
  4.000E-01 1.00000E-45  0.000E+00 ( 0.000E+00, 0.000E+00) ( 0.000E+00, 0.000E+00)  1.00E+00
  4.250E-01 1.00000E-45  0.000E+00 ( 0.000E+00, 0.000E+00) ( 0.000E+00, 0.000E+00)  1.00E+00
  4.500E-01 1.00000E-45  0.000E+00 ( 0.000E+00, 0.000E+00) ( 0.000E+00, 0.000E+00)  1.00E+00
  4.750E-01 1.00000E-45  0.000E+00 ( 0.000E+00, 0.000E+00) ( 0.000E+00, 0.000E+00)  1.00E+00
  5.000E-01 1.00000E-45  0.000E+00 ( 0.000E+00, 0.000E+00) ( 0.000E+00, 0.000E+00)  1.00E+00
  5.250E-01 1.00000E-45  0.000E+00 ( 0.000E+00, 0.000E+00) ( 0.000E+00, 0.000E+00)  1.00E+00
  5.500E-01 1.00000E-45  0.000E+00 ( 0.000E+00, 0.000E+00) ( 0.000E+00, 0.000E+00)  1.00E+00
  5.750E-01 1.00000E-45  0.000E+00 ( 0.000E+00, 0.000E+00) ( 0.000E+00, 0.000E+00)  1.00E+00
  6.000E-01 1.00000E-45  0.000E+00 ( 0.000E+00, 0.000E+00) ( 0.000E+00, 0.000E+00)  1.00E+00
  6.250E-01 1.00000E-45  0.000E+00 ( 0.000E+00, 0.000E+00) ( 0.000E+00, 0.000E+00)  1.00E+00
  6.500E-01 1.00000E-45  0.000E+00 ( 0.000E+00, 0.000E+00) ( 0.000E+00, 0.000E+00)  1.00E+00
  6.750E-01 1.00000E-45  0.000E+00 ( 0.000E+00, 0.000E+00) ( 0.000E+00, 0.000E+00)  1.00E+00
  7.000E-01 1.00000E-45  0.000E+00 ( 0.000E+00, 0.000E+00) ( 0.000E+00, 0.000E+00)  1.00E+00
  7.250E-01 1.00000E-45  0.000E+00 ( 0.000E+00, 0.000E+00) ( 0.000E+00, 0.000E+00)  1.00E+00
  7.500E-01 1.00000E-45  0.000E+00 ( 0.000E+00, 0.000E+00) ( 0.000E+00, 0.000E+00)  1.00E+00
  7.750E-01 1.00000E-45  0.000E+00 ( 0.000E+00, 0.000E+00) ( 0.000E+00, 0.000E+00)  1.00E+00
  8.000E-01 1.00000E-45  0.000E+00 ( 0.000E+00, 0.000E+00) ( 0.000E+00, 0.000E+00)  1.00E+00
  8.250E-01 1.00000E-45  0.000E+00 ( 0.000E+00, 0.000E+00) ( 0.000E+00, 0.000E+00)  1.00E+00
  8.500E-01 1.00000E-45  0.000E+00 ( 0.000E+00, 0.000E+00) ( 0.000E+00, 0.000E+00)  1.00E+00
  8.750E-01 1.00000E-45  0.000E+00 ( 0.000E+00, 0.000E+00) ( 0.000E+00, 0.000E+00)  1.00E+00
  9.000E-01 1.00000E-45  0.000E+00 ( 0.000E+00, 0.000E+00) ( 0.000E+00, 0.000E+00)  1.00E+00
  9.250E-01 1.00000E-45  0.000E+00 ( 0.000E+00, 0.000E+00) ( 0.000E+00, 0.000E+00)  1.00E+00
  9.500E-01 1.00000E-45  0.000E+00 ( 0.000E+00, 0.000E+00) ( 0.000E+00, 0.000E+00)  1.00E+00
  9.750E-01 1.00000E-45  0.000E+00 ( 0.000E+00, 0.000E+00) ( 0.000E+00, 0.000E+00)  1.00E+00
  1.000E+00 3.32841E-18  0.000E+00 ( 1.610E-09,-8.584E-10) ( 1.234E-11,-6.576E-12)  8.38E-05
  1.100E+00 2.27355E-18  0.000E+00 ( 1.338E-09,-6.945E-10) ( 1.129E-11,-5.853E-12)  6.29E-05
  1.200E+00 1.60559E-18  0.000E+00 ( 1.131E-09,-5.721E-10) ( 1.041E-11,-5.273E-12)  3.44E-05
  1.300E+00 1.16585E-18  0.000E+00 ( 9.679E-10,-4.784E-10) ( 9.643E-12,-4.761E-12)  7.07E-06
  1.400E+00 8.66901E-19  0.000E+00 ( 8.382E-10,-4.052E-10) ( 9.005E-12,-4.356E-12)  1.39E-05
  1.500E+00 6.57943E-19  0.000E+00 ( 7.331E-10,-3.470E-10) ( 8.431E-12,-3.989E-12)  2.45E-05
  1.600E+00 5.08310E-19  0.000E+00 ( 6.466E-10,-3.001E-10) ( 7.936E-12,-3.684E-12)  2.60E-05
  1.700E+00 3.98920E-19  0.000E+00 ( 5.747E-10,-2.618E-10) ( 7.494E-12,-3.414E-12)  2.08E-05
  1.800E+00 3.17431E-19  0.000E+00 ( 5.142E-10,-2.301E-10) ( 7.098E-12,-3.175E-12)  1.18E-05
  1.900E+00 2.55736E-19  0.000E+00 ( 4.629E-10,-2.036E-10) ( 6.746E-12,-2.968E-12)  2.00E-06
  2.000E+00 2.08329E-19  0.000E+00 ( 4.189E-10,-1.812E-10) ( 6.424E-12,-2.778E-12)  6.39E-06
  2.100E+00 1.71417E-19  0.000E+00 ( 3.809E-10,-1.622E-10) ( 6.135E-12,-2.613E-12)  1.10E-05
  2.200E+00 1.42334E-19  0.000E+00 ( 3.479E-10,-1.459E-10) ( 5.870E-12,-2.461E-12)  1.18E-05
  2.300E+00 1.19164E-19  0.000E+00 ( 3.190E-10,-1.318E-10) ( 5.627E-12,-2.325E-12)  9.56E-06
  2.400E+00 1.00526E-19  0.000E+00 ( 2.936E-10,-1.196E-10) ( 5.405E-12,-2.202E-12)  5.39E-06
  2.500E+00 8.53931E-20  0.000E+00 ( 2.711E-10,-1.089E-10) ( 5.198E-12,-2.088E-12)  6.28E-07
  2.600E+00 7.30048E-20  0.000E+00 ( 2.511E-10,-9.955E-11) ( 5.009E-12,-1.986E-12)  3.67E-06
  2.700E+00 6.27845E-20  0.000E+00 ( 2.333E-10,-9.128E-11) ( 4.832E-12,-1.890E-12)  6.03E-06
  2.800E+00 5.42919E-20  0.000E+00 ( 2.173E-10,-8.395E-11) ( 4.667E-12,-1.803E-12)  6.44E-06
  2.900E+00 4.71887E-20  0.000E+00 ( 2.029E-10,-7.743E-11) ( 4.514E-12,-1.723E-12)  5.22E-06
  3.000E+00 4.12102E-20  0.000E+00 ( 1.899E-10,-7.160E-11) ( 4.370E-12,-1.648E-12)  2.87E-06
  3.100E+00 3.61496E-20  0.000E+00 ( 1.781E-10,-6.637E-11) ( 4.236E-12,-1.579E-12)  1.45E-07
  3.200E+00 3.18428E-20  0.000E+00 ( 1.674E-10,-6.167E-11) ( 4.109E-12,-1.514E-12)  2.39E-06
  3.300E+00 2.81588E-20  0.000E+00 ( 1.576E-10,-5.742E-11) ( 3.990E-12,-1.454E-12)  3.75E-06
  3.400E+00 2.49928E-20  0.000E+00 ( 1.487E-10,-5.357E-11) ( 3.878E-12,-1.397E-12)  3.95E-06
  3.500E+00 2.22596E-20  0.000E+00 ( 1.405E-10,-5.008E-11) ( 3.772E-12,-1.345E-12)  3.17E-06
  3.600E+00 1.98902E-20  0.000E+00 ( 1.330E-10,-4.689E-11) ( 3.672E-12,-1.295E-12)  1.68E-06
  3.700E+00 1.78279E-20  0.000E+00 ( 1.260E-10,-4.399E-11) ( 3.577E-12,-1.249E-12)  2.10E-07
  3.800E+00 1.60262E-20  0.000E+00 ( 1.196E-10,-4.133E-11) ( 3.487E-12,-1.205E-12)  1.68E-06
  3.900E+00 1.44466E-20  0.000E+00 ( 1.137E-10,-3.889E-11) ( 3.401E-12,-1.164E-12)  2.53E-06
  4.000E+00 1.30569E-20  0.000E+00 ( 1.082E-10,-3.665E-11) ( 3.320E-12,-1.125E-12)  2.61E-06
  4.100E+00 1.18305E-20  0.000E+00 ( 1.031E-10,-3.459E-11) ( 3.242E-12,-1.088E-12)  2.07E-06
  4.200E+00 1.07448E-20  0.000E+00 ( 9.831E-11,-3.269E-11) ( 3.168E-12,-1.053E-12)  1.05E-06
  4.300E+00 9.78091E-21  0.000E+00 ( 9.388E-11,-3.092E-11) ( 3.098E-12,-1.020E-12)  2.58E-07
  4.400E+00 8.92276E-21  0.000E+00 ( 8.975E-11,-2.929E-11) ( 3.030E-12,-9.891E-13)  1.25E-06
  4.500E+00 8.15673E-21  0.000E+00 ( 8.588E-11,-2.778E-11) ( 2.966E-12,-9.594E-13)  1.80E-06
  4.600E+00 7.47122E-21  0.000E+00 ( 8.226E-11,-2.637E-11) ( 2.904E-12,-9.311E-13)  1.83E-06
  4.700E+00 6.85625E-21  0.000E+00 ( 7.886E-11,-2.507E-11) ( 2.844E-12,-9.041E-13)  1.42E-06
  4.800E+00 6.30331E-21  0.000E+00 ( 7.567E-11,-2.385E-11) ( 2.788E-12,-8.785E-13)  6.82E-07
  4.900E+00 5.80503E-21  0.000E+00 ( 7.267E-11,-2.271E-11) ( 2.733E-12,-8.540E-13)  2.67E-07
  5.000E+00 5.35505E-21  0.000E+00 ( 6.985E-11,-2.164E-11) ( 2.680E-12,-8.306E-13)  9.63E-07
  5.100E+00 4.94786E-21  0.000E+00 ( 6.719E-11,-2.065E-11) ( 2.630E-12,-8.082E-13)  1.34E-06
  5.200E+00 4.57866E-21  0.000E+00 ( 6.467E-11,-1.971E-11) ( 2.581E-12,-7.869E-13)  1.33E-06
  5.300E+00 4.24329E-21  0.000E+00 ( 6.230E-11,-1.884E-11) ( 2.534E-12,-7.664E-13)  1.01E-06
  5.400E+00 3.93808E-21  0.000E+00 ( 6.006E-11,-1.802E-11) ( 2.489E-12,-7.468E-13)  4.55E-07
  5.500E+00 3.65985E-21  0.000E+00 ( 5.793E-11,-1.724E-11) ( 2.446E-12,-7.280E-13)  2.59E-07
  5.600E+00 3.40576E-21  0.000E+00 ( 5.592E-11,-1.651E-11) ( 2.404E-12,-7.100E-13)  7.65E-07
  5.700E+00 3.17336E-21  0.000E+00 ( 5.401E-11,-1.583E-11) ( 2.363E-12,-6.927E-13)  1.02E-06
  5.800E+00 2.96047E-21  0.000E+00 ( 5.219E-11,-1.518E-11) ( 2.324E-12,-6.760E-13)  1.00E-06
  5.900E+00 2.76513E-21  0.000E+00 ( 5.047E-11,-1.457E-11) ( 2.286E-12,-6.600E-13)  7.43E-07
  6.000E+00 2.58566E-21  0.000E+00 ( 4.883E-11,-1.399E-11) ( 2.249E-12,-6.446E-13)  3.09E-07
  6.100E+00 2.42052E-21  0.000E+00 ( 4.727E-11,-1.345E-11) ( 2.214E-12,-6.298E-13)  2.45E-07
  6.200E+00 2.26836E-21  0.000E+00 ( 4.578E-11,-1.293E-11) ( 2.179E-12,-6.155E-13)  6.22E-07
  6.300E+00 2.12798E-21  0.000E+00 ( 4.437E-11,-1.244E-11) ( 2.146E-12,-6.017E-13)  8.03E-07
  6.400E+00 1.99830E-21  0.000E+00 ( 4.301E-11,-1.197E-11) ( 2.114E-12,-5.885E-13)  7.71E-07
  6.500E+00 1.87835E-21  0.000E+00 ( 4.172E-11,-1.153E-11) ( 2.082E-12,-5.757E-13)  5.57E-07
  6.600E+00 1.76728E-21  0.000E+00 ( 4.049E-11,-1.111E-11) ( 2.052E-12,-5.633E-13)  2.11E-07
  6.700E+00 1.66430E-21  0.000E+00 ( 3.931E-11,-1.071E-11) ( 2.022E-12,-5.514E-13)  2.28E-07
  6.800E+00 1.56872E-21  0.000E+00 ( 3.818E-11,-1.034E-11) ( 1.994E-12,-5.398E-13)  5.14E-07
  6.900E+00 1.47990E-21  0.000E+00 ( 3.710E-11,-9.975E-12) ( 1.966E-12,-5.287E-13)  6.43E-07
  7.000E+00 1.39729E-21  0.000E+00 ( 3.606E-11,-9.632E-12) ( 1.939E-12,-5.179E-13)  6.05E-07
  7.100E+00 1.32036E-21  0.000E+00 ( 3.507E-11,-9.304E-12) ( 1.912E-12,-5.074E-13)  4.24E-07
  7.200E+00 1.24866E-21  0.000E+00 ( 3.412E-11,-8.992E-12) ( 1.887E-12,-4.973E-13)  1.43E-07
  7.300E+00 1.18177E-21  0.000E+00 ( 3.320E-11,-8.693E-12) ( 1.862E-12,-4.875E-13)  2.10E-07
  7.400E+00 1.11929E-21  0.000E+00 ( 3.233E-11,-8.409E-12) ( 1.837E-12,-4.780E-13)  4.32E-07
  7.500E+00 1.06090E-21  0.000E+00 ( 3.148E-11,-8.137E-12) ( 1.814E-12,-4.688E-13)  5.22E-07
  7.600E+00 1.00626E-21  0.000E+00 ( 3.067E-11,-7.876E-12) ( 1.790E-12,-4.599E-13)  4.82E-07
  7.700E+00 9.55099E-22  0.000E+00 ( 2.989E-11,-7.627E-12) ( 1.768E-12,-4.513E-13)  3.28E-07
  7.800E+00 9.07150E-22  0.000E+00 ( 2.914E-11,-7.389E-12) ( 1.746E-12,-4.429E-13)  1.00E-07
  7.900E+00 8.62175E-22  0.000E+00 ( 2.842E-11,-7.161E-12) ( 1.725E-12,-4.347E-13)  1.94E-07
  8.000E+00 8.19954E-22  0.000E+00 ( 2.772E-11,-6.942E-12) ( 1.704E-12,-4.268E-13)  3.66E-07
  8.100E+00 7.80288E-22  0.000E+00 ( 2.705E-11,-6.733E-12) ( 1.683E-12,-4.191E-13)  4.30E-07
  8.200E+00 7.42993E-22  0.000E+00 ( 2.641E-11,-6.532E-12) ( 1.664E-12,-4.116E-13)  3.89E-07
  8.300E+00 7.07901E-22  0.000E+00 ( 2.578E-11,-6.339E-12) ( 1.644E-12,-4.044E-13)  2.56E-07
  8.400E+00 6.74858E-22  0.000E+00 ( 2.518E-11,-6.153E-12) ( 1.625E-12,-3.973E-13)  1.00E-07
  8.500E+00 6.43722E-22  0.000E+00 ( 2.460E-11,-5.976E-12) ( 1.607E-12,-3.904E-13)  1.78E-07
  8.600E+00 6.14362E-22  0.000E+00 ( 2.404E-11,-5.805E-12) ( 1.589E-12,-3.837E-13)  3.14E-07
  8.700E+00 5.86657E-22  0.000E+00 ( 2.350E-11,-5.640E-12) ( 1.571E-12,-3.772E-13)  3.57E-07
  8.800E+00 5.60498E-22  0.000E+00 ( 2.298E-11,-5.482E-12) ( 1.554E-12,-3.709E-13)  3.18E-07
  8.900E+00 5.35782E-22  0.000E+00 ( 2.247E-11,-5.330E-12) ( 1.537E-12,-3.647E-13)  2.01E-07
  9.000E+00 5.12414E-22  0.000E+00 ( 2.198E-11,-5.183E-12) ( 1.520E-12,-3.587E-13)  1.00E-07
  9.100E+00 4.90306E-22  0.000E+00 ( 2.151E-11,-5.042E-12) ( 1.504E-12,-3.528E-13)  1.63E-07
  9.200E+00 4.69379E-22  0.000E+00 ( 2.105E-11,-4.906E-12) ( 1.488E-12,-3.471E-13)  2.71E-07
  9.300E+00 4.49557E-22  0.000E+00 ( 2.060E-11,-4.775E-12) ( 1.473E-12,-3.415E-13)  2.99E-07
  9.400E+00 4.30772E-22  0.000E+00 ( 2.017E-11,-4.649E-12) ( 1.457E-12,-3.361E-13)  2.61E-07
  9.500E+00 4.12957E-22  0.000E+00 ( 1.976E-11,-4.527E-12) ( 1.443E-12,-3.308E-13)  1.59E-07
  9.600E+00 3.96055E-22  0.000E+00 ( 1.935E-11,-4.410E-12) ( 1.428E-12,-3.256E-13)  1.00E-07
  9.700E+00 3.80009E-22  0.000E+00 ( 1.896E-11,-4.297E-12) ( 1.414E-12,-3.205E-13)  1.50E-07
  9.800E+00 3.64768E-22  0.000E+00 ( 1.858E-11,-4.187E-12) ( 1.400E-12,-3.156E-13)  2.35E-07
  9.900E+00 3.50284E-22  0.000E+00 ( 1.821E-11,-4.081E-12) ( 1.386E-12,-3.108E-13)  2.53E-07
  1.000E+01 3.36512E-22  0.000E+00 ( 1.785E-11,-3.979E-12) ( 1.372E-12,-3.061E-13)  2.17E-07
  1.025E+01 3.04932E-22  0.000E+00 ( 1.700E-11,-3.738E-12) ( 1.340E-12,-2.948E-13)  2.22E-07
  1.050E+01 2.76973E-22  0.000E+00 ( 1.621E-11,-3.517E-12) ( 1.309E-12,-2.841E-13)  2.15E-07
  1.075E+01 2.52148E-22  0.000E+00 ( 1.547E-11,-3.313E-12) ( 1.279E-12,-2.741E-13)  2.02E-07
  1.100E+01 2.30044E-22  0.000E+00 ( 1.479E-11,-3.124E-12) ( 1.251E-12,-2.645E-13)  1.80E-07
  1.125E+01 2.10311E-22  0.000E+00 ( 1.414E-11,-2.950E-12) ( 1.224E-12,-2.555E-13)  1.50E-07
  1.150E+01 1.92650E-22  0.000E+00 ( 1.354E-11,-2.788E-12) ( 1.198E-12,-2.469E-13)  1.15E-07
  1.175E+01 1.76805E-22  0.000E+00 ( 1.298E-11,-2.638E-12) ( 1.173E-12,-2.387E-13)  1.00E-07
  1.200E+01 1.62557E-22  0.000E+00 ( 1.245E-11,-2.499E-12) ( 1.149E-12,-2.310E-13)  1.00E-07
  1.225E+01 1.49716E-22  0.000E+00 ( 1.195E-11,-2.369E-12) ( 1.126E-12,-2.236E-13)  1.00E-07
  1.250E+01 1.38119E-22  0.000E+00 ( 1.148E-11,-2.248E-12) ( 1.104E-12,-2.165E-13)  1.00E-07
  1.275E+01 1.27624E-22  0.000E+00 ( 1.104E-11,-2.136E-12) ( 1.083E-12,-2.098E-13)  1.00E-07
  1.300E+01 1.18107E-22  0.000E+00 ( 1.062E-11,-2.030E-12) ( 1.063E-12,-2.034E-13)  1.00E-07
  1.325E+01 1.09461E-22  0.000E+00 ( 1.023E-11,-1.931E-12) ( 1.043E-12,-1.973E-13)  1.01E-07
  1.350E+01 1.01592E-22  0.000E+00 ( 9.855E-12,-1.839E-12) ( 1.025E-12,-1.914E-13)  1.04E-07
  1.375E+01 9.44182E-23  0.000E+00 ( 9.503E-12,-1.753E-12) ( 1.006E-12,-1.858E-13)  1.02E-07
  1.400E+01 8.78665E-23  0.000E+00 ( 9.169E-12,-1.671E-12) ( 9.887E-13,-1.805E-13)  1.00E-07
  1.425E+01 8.18735E-23  0.000E+00 ( 8.852E-12,-1.595E-12) ( 9.717E-13,-1.753E-13)  1.00E-07
  1.450E+01 7.63828E-23  0.000E+00 ( 8.551E-12,-1.523E-12) ( 9.553E-13,-1.704E-13)  1.00E-07
  1.475E+01 7.13449E-23  0.000E+00 ( 8.265E-12,-1.455E-12) ( 9.394E-13,-1.657E-13)  1.00E-07
  1.500E+01 6.67156E-23  0.000E+00 ( 7.994E-12,-1.392E-12) ( 9.241E-13,-1.611E-13)  1.00E-07
  1.525E+01 6.24557E-23  0.000E+00 ( 7.735E-12,-1.331E-12) ( 9.092E-13,-1.568E-13)  1.00E-07
  1.550E+01 5.85305E-23  0.000E+00 ( 7.489E-12,-1.275E-12) ( 8.948E-13,-1.526E-13)  1.00E-07
  1.575E+01 5.49088E-23  0.000E+00 ( 7.254E-12,-1.221E-12) ( 8.809E-13,-1.485E-13)  1.00E-07
  1.600E+01 5.15630E-23  0.000E+00 ( 7.030E-12,-1.170E-12) ( 8.674E-13,-1.446E-13)  1.00E-07
  1.625E+01 4.84681E-23  0.000E+00 ( 6.816E-12,-1.122E-12) ( 8.543E-13,-1.409E-13)  1.00E-07
  1.650E+01 4.56019E-23  0.000E+00 ( 6.612E-12,-1.077E-12) ( 8.415E-13,-1.373E-13)  1.00E-07
  1.675E+01 4.29445E-23  0.000E+00 ( 6.416E-12,-1.034E-12) ( 8.292E-13,-1.338E-13)  1.00E-07
  1.700E+01 4.04778E-23  0.000E+00 ( 6.230E-12,-9.926E-13) ( 8.172E-13,-1.305E-13)  1.00E-07
  1.725E+01 3.81856E-23  0.000E+00 ( 6.051E-12,-9.538E-13) ( 8.055E-13,-1.272E-13)  1.00E-07
  1.750E+01 3.60534E-23  0.000E+00 ( 5.879E-12,-9.169E-13) ( 7.942E-13,-1.241E-13)  1.00E-07
  1.775E+01 3.40679E-23  0.000E+00 ( 5.715E-12,-8.818E-13) ( 7.831E-13,-1.211E-13)  1.00E-07
  1.800E+01 3.22171E-23  0.000E+00 ( 5.558E-12,-8.484E-13) ( 7.724E-13,-1.182E-13)  1.00E-07
  1.825E+01 3.04903E-23  0.000E+00 ( 5.406E-12,-8.167E-13) ( 7.620E-13,-1.154E-13)  1.00E-07
  1.850E+01 2.88775E-23  0.000E+00 ( 5.261E-12,-7.864E-13) ( 7.518E-13,-1.127E-13)  1.00E-07
  1.875E+01 2.73699E-23  0.000E+00 ( 5.122E-12,-7.576E-13) ( 7.419E-13,-1.100E-13)  1.00E-07
  1.900E+01 2.59594E-23  0.000E+00 ( 4.988E-12,-7.301E-13) ( 7.322E-13,-1.075E-13)  1.00E-07
  1.925E+01 2.46385E-23  0.000E+00 ( 4.859E-12,-7.039E-13) ( 7.228E-13,-1.050E-13)  1.00E-07
  1.950E+01 2.34005E-23  0.000E+00 ( 4.735E-12,-6.788E-13) ( 7.137E-13,-1.026E-13)  1.00E-07
  1.975E+01 2.22392E-23  0.000E+00 ( 4.616E-12,-6.549E-13) ( 7.047E-13,-1.003E-13)  1.00E-07
  2.000E+01 2.11491E-23  0.000E+00 ( 4.501E-12,-6.321E-13) ( 6.960E-13,-9.805E-14)  1.00E-07
  2.025E+01 2.01248E-23  0.000E+00 ( 4.390E-12,-6.102E-13) ( 6.875E-13,-9.587E-14)  1.00E-07
  2.050E+01 1.91617E-23  0.000E+00 ( 4.283E-12,-5.893E-13) ( 6.791E-13,-9.376E-14)  1.00E-07
  2.075E+01 1.82555E-23  0.000E+00 ( 4.180E-12,-5.693E-13) ( 6.710E-13,-9.171E-14)  1.00E-07
  2.100E+01 1.74022E-23  0.000E+00 ( 4.081E-12,-5.502E-13) ( 6.631E-13,-8.972E-14)  1.00E-07
  2.125E+01 1.65981E-23  0.000E+00 ( 3.985E-12,-5.318E-13) ( 6.553E-13,-8.778E-14)  1.00E-07
  2.150E+01 1.58399E-23  0.000E+00 ( 3.892E-12,-5.143E-13) ( 6.477E-13,-8.591E-14)  1.00E-07
  2.175E+01 1.51244E-23  0.000E+00 ( 3.803E-12,-4.974E-13) ( 6.403E-13,-8.408E-14)  1.00E-07
  2.200E+01 1.44488E-23 -1.663E-04 ( 3.716E-12,-4.812E-13) ( 6.331E-13,-8.231E-14)  1.00E-07
  2.225E+01 1.38104E-23 -1.712E-04 ( 3.633E-12,-4.657E-13) ( 6.260E-13,-8.059E-14)  1.00E-07
  2.250E+01 1.32068E-23 -1.762E-04 ( 3.552E-12,-4.508E-13) ( 6.191E-13,-7.891E-14)  1.00E-07
  2.275E+01 1.26359E-23 -1.813E-04 ( 3.473E-12,-4.365E-13) ( 6.123E-13,-7.728E-14)  1.00E-07
  2.300E+01 1.20953E-23 -1.865E-04 ( 3.398E-12,-4.228E-13) ( 6.056E-13,-7.569E-14)  1.00E-07
  2.325E+01 1.15834E-23 -1.917E-04 ( 3.324E-12,-4.096E-13) ( 5.991E-13,-7.415E-14)  1.00E-07
  2.350E+01 1.10981E-23 -1.970E-04 ( 3.253E-12,-3.969E-13) ( 5.928E-13,-7.265E-14)  1.00E-07
  2.375E+01 1.06380E-23 -2.025E-04 ( 3.184E-12,-3.847E-13) ( 5.865E-13,-7.119E-14)  1.00E-07
  2.400E+01 1.02014E-23 -2.079E-04 ( 3.118E-12,-3.729E-13) ( 5.804E-13,-6.976E-14)  1.00E-07
  2.425E+01 9.78698E-24 -2.135E-04 ( 3.053E-12,-3.616E-13) ( 5.744E-13,-6.837E-14)  1.00E-07
  2.450E+01 9.39331E-24 -2.192E-04 ( 2.990E-12,-3.507E-13) ( 5.685E-13,-6.702E-14)  1.00E-07
  2.475E+01 9.01920E-24 -2.249E-04 ( 2.930E-12,-3.402E-13) ( 5.628E-13,-6.570E-14)  1.00E-07
  2.500E+01 8.66347E-24 -2.307E-04 ( 2.871E-12,-3.301E-13) ( 5.571E-13,-6.442E-14)  1.00E-07
  2.550E+01 8.00299E-24 -2.426E-04 ( 2.758E-12,-3.110E-13) ( 5.462E-13,-6.195E-14)  1.00E-07
  2.600E+01 7.40411E-24 -2.549E-04 ( 2.651E-12,-2.932E-13) ( 5.356E-13,-5.959E-14)  1.00E-07
  2.650E+01 6.86006E-24 -2.674E-04 ( 2.550E-12,-2.766E-13) ( 5.254E-13,-5.735E-14)  1.00E-07
  2.700E+01 6.36493E-24 -2.804E-04 ( 2.455E-12,-2.612E-13) ( 5.156E-13,-5.521E-14)  1.00E-07
  2.750E+01 5.91354E-24 -2.936E-04 ( 2.365E-12,-2.468E-13) ( 5.061E-13,-5.317E-14)  1.00E-07
  2.800E+01 5.50132E-24 -3.072E-04 ( 2.280E-12,-2.333E-13) ( 4.970E-13,-5.123E-14)  1.00E-07
  2.850E+01 5.12429E-24 -3.211E-04 ( 2.199E-12,-2.207E-13) ( 4.881E-13,-4.937E-14)  1.00E-07
  2.900E+01 4.77888E-24 -3.354E-04 ( 2.122E-12,-2.089E-13) ( 4.796E-13,-4.759E-14)  1.00E-07
  2.950E+01 4.46198E-24 -3.500E-04 ( 2.049E-12,-1.979E-13) ( 4.713E-13,-4.589E-14)  1.00E-07
  3.000E+01 4.17081E-24 -3.650E-04 ( 1.980E-12,-1.875E-13) ( 4.633E-13,-4.427E-14)  1.00E-07
  3.050E+01 3.90290E-24 -3.803E-04 ( 1.914E-12,-1.778E-13) ( 4.556E-13,-4.271E-14)  1.00E-07
  3.100E+01 3.65606E-24 -3.959E-04 ( 1.851E-12,-1.686E-13) ( 4.481E-13,-4.122E-14)  1.00E-07
  3.150E+01 3.42833E-24 -4.119E-04 ( 1.791E-12,-1.600E-13) ( 4.408E-13,-3.979E-14)  1.00E-07
  3.200E+01 3.21797E-24 -4.283E-04 ( 1.734E-12,-1.520E-13) ( 4.337E-13,-3.841E-14)  1.00E-07
  3.250E+01 3.02342E-24 -4.450E-04 ( 1.679E-12,-1.443E-13) ( 4.269E-13,-3.710E-14)  1.00E-07
  3.300E+01 2.84326E-24 -4.620E-04 ( 1.627E-12,-1.372E-13) ( 4.202E-13,-3.583E-14)  1.00E-07
  3.350E+01 2.67625E-24 -4.794E-04 ( 1.577E-12,-1.304E-13) ( 4.137E-13,-3.462E-14)  1.00E-07
  3.400E+01 2.52124E-24 -4.972E-04 ( 1.529E-12,-1.240E-13) ( 4.075E-13,-3.345E-14)  1.00E-07
  3.450E+01 2.37722E-24 -5.153E-04 ( 1.484E-12,-1.180E-13) ( 4.013E-13,-3.232E-14)  1.00E-07
  3.500E+01 2.24327E-24 -5.337E-04 ( 1.440E-12,-1.123E-13) ( 3.954E-13,-3.124E-14)  1.00E-07
  3.550E+01 2.11856E-24 -5.525E-04 ( 1.398E-12,-1.069E-13) ( 3.896E-13,-3.020E-14)  1.00E-07
  3.600E+01 2.00233E-24 -5.717E-04 ( 1.358E-12,-1.018E-13) ( 3.840E-13,-2.920E-14)  1.00E-07
  3.650E+01 1.89390E-24 -5.912E-04 ( 1.319E-12,-9.693E-14) ( 3.785E-13,-2.823E-14)  1.00E-07
  3.700E+01 1.79265E-24 -6.111E-04 ( 1.282E-12,-9.235E-14) ( 3.731E-13,-2.730E-14)  1.00E-07
  3.750E+01 1.69803E-24 -6.313E-04 ( 1.247E-12,-8.801E-14) ( 3.679E-13,-2.641E-14)  1.00E-07
  3.800E+01 1.60951E-24 -6.518E-04 ( 1.212E-12,-8.390E-14) ( 3.629E-13,-2.554E-14)  1.00E-07
  3.850E+01 1.52663E-24 -6.728E-04 ( 1.180E-12,-7.999E-14) ( 3.579E-13,-2.471E-14)  1.00E-07
  3.900E+01 1.44897E-24 -6.941E-04 ( 1.148E-12,-7.629E-14) ( 3.531E-13,-2.390E-14)  1.00E-07
  3.950E+01 1.37614E-24 -7.157E-04 ( 1.118E-12,-7.276E-14) ( 3.483E-13,-2.312E-14)  1.00E-07
  4.000E+01 1.30778E-24 -7.378E-04 ( 1.088E-12,-6.942E-14) ( 3.437E-13,-2.237E-14)  1.00E-07
  4.050E+01 1.24357E-24 -7.601E-04 ( 1.060E-12,-6.624E-14) ( 3.392E-13,-2.164E-14)  1.00E-07
  4.100E+01 1.18321E-24 -7.829E-04 ( 1.033E-12,-6.321E-14) ( 3.348E-13,-2.094E-14)  1.00E-07
  4.150E+01 1.12642E-24 -8.060E-04 ( 1.007E-12,-6.033E-14) ( 3.305E-13,-2.026E-14)  1.00E-07
  4.200E+01 1.07297E-24 -8.294E-04 ( 9.812E-13,-5.759E-14) ( 3.263E-13,-1.961E-14)  1.00E-07
  4.250E+01 1.02261E-24 -8.533E-04 ( 9.568E-13,-5.498E-14) ( 3.222E-13,-1.897E-14)  1.00E-07
  4.300E+01 9.75129E-25 -8.774E-04 ( 9.332E-13,-5.250E-14) ( 3.182E-13,-1.836E-14)  1.00E-07
  4.350E+01 9.30340E-25 -9.020E-04 ( 9.104E-13,-5.013E-14) ( 3.143E-13,-1.777E-14)  1.00E-07
  4.400E+01 8.88060E-25 -9.269E-04 ( 8.883E-13,-4.787E-14) ( 3.104E-13,-1.719E-14)  1.00E-07
  4.450E+01 8.48121E-25 -9.522E-04 ( 8.670E-13,-4.571E-14) ( 3.067E-13,-1.663E-14)  1.00E-07
  4.500E+01 8.10371E-25 -9.778E-04 ( 8.464E-13,-4.366E-14) ( 3.030E-13,-1.609E-14)  1.00E-07
  4.550E+01 7.74668E-25 -1.004E-03 ( 8.265E-13,-4.169E-14) ( 2.994E-13,-1.557E-14)  1.00E-07
  4.600E+01 7.40880E-25 -1.030E-03 ( 8.072E-13,-3.982E-14) ( 2.958E-13,-1.507E-14)  1.00E-07
  4.650E+01 7.08886E-25 -1.057E-03 ( 7.885E-13,-3.803E-14) ( 2.923E-13,-1.457E-14)  1.00E-07
  4.700E+01 6.78573E-25 -1.084E-03 ( 7.704E-13,-3.632E-14) ( 2.889E-13,-1.410E-14)  1.00E-07
  4.750E+01 6.49836E-25 -1.112E-03 ( 7.529E-13,-3.469E-14) ( 2.856E-13,-1.364E-14)  1.00E-07
  4.800E+01 6.22579E-25 -1.139E-03 ( 7.359E-13,-3.313E-14) ( 2.823E-13,-1.319E-14)  1.00E-07
  4.850E+01 5.96712E-25 -1.168E-03 ( 7.195E-13,-3.163E-14) ( 2.791E-13,-1.276E-14)  1.00E-07
  4.900E+01 5.72150E-25 -1.196E-03 ( 7.035E-13,-3.020E-14) ( 2.760E-13,-1.233E-14)  1.00E-07
  4.950E+01 5.48816E-25 -1.225E-03 ( 6.880E-13,-2.884E-14) ( 2.729E-13,-1.193E-14)  1.00E-07
  5.000E+01 5.26637E-25 -1.255E-03 ( 6.730E-13,-2.753E-14) ( 2.698E-13,-1.153E-14)  1.00E-07
  5.050E+01 5.05545E-25 -1.284E-03 ( 6.584E-13,-2.628E-14) ( 2.669E-13,-1.114E-14)  1.00E-07
  5.100E+01 4.85478E-25 -1.315E-03 ( 6.443E-13,-2.508E-14) ( 2.639E-13,-1.077E-14)  1.00E-07
  5.150E+01 4.66376E-25 -1.345E-03 ( 6.305E-13,-2.393E-14) ( 2.611E-13,-1.041E-14)  1.00E-07
  5.200E+01 4.48185E-25 -1.376E-03 ( 6.171E-13,-2.283E-14) ( 2.582E-13,-1.005E-14)  1.00E-07
  5.250E+01 4.30852E-25 -1.407E-03 ( 6.042E-13,-2.178E-14) ( 2.555E-13,-9.712E-15)  1.00E-07
  5.300E+01 4.14331E-25 -1.439E-03 ( 5.916E-13,-2.077E-14) ( 2.527E-13,-9.379E-15)  1.00E-07
  5.350E+01 3.98577E-25 -1.471E-03 ( 5.793E-13,-1.981E-14) ( 2.501E-13,-9.055E-15)  1.00E-07
  5.400E+01 3.83546E-25 -1.503E-03 ( 5.674E-13,-1.888E-14) ( 2.474E-13,-8.741E-15)  1.00E-07
  5.450E+01 3.69201E-25 -1.536E-03 ( 5.558E-13,-1.799E-14) ( 2.448E-13,-8.436E-15)  1.00E-07
  5.500E+01 3.55503E-25 -1.569E-03 ( 5.445E-13,-1.714E-14) ( 2.423E-13,-8.139E-15)  1.00E-07
  5.550E+01 3.42419E-25 -1.603E-03 ( 5.335E-13,-1.632E-14) ( 2.398E-13,-7.850E-15)  1.00E-07
  5.600E+01 3.29916E-25 -1.637E-03 ( 5.228E-13,-1.554E-14) ( 2.373E-13,-7.569E-15)  1.00E-07
  5.650E+01 3.17963E-25 -1.671E-03 ( 5.124E-13,-1.478E-14) ( 2.349E-13,-7.296E-15)  1.00E-07
  5.700E+01 3.06532E-25 -1.706E-03 ( 5.022E-13,-1.406E-14) ( 2.325E-13,-7.030E-15)  1.00E-07
  5.750E+01 2.95595E-25 -1.741E-03 ( 4.923E-13,-1.337E-14) ( 2.301E-13,-6.772E-15)  1.00E-07
  5.800E+01 2.85128E-25 -1.776E-03 ( 4.827E-13,-1.270E-14) ( 2.278E-13,-6.521E-15)  1.00E-07
  5.850E+01 2.75107E-25 -1.812E-03 ( 4.733E-13,-1.207E-14) ( 2.256E-13,-6.276E-15)  1.00E-07
  5.900E+01 2.65509E-25 -1.849E-03 ( 4.642E-13,-1.145E-14) ( 2.233E-13,-6.038E-15)  1.00E-07
  5.950E+01 2.56313E-25 -1.885E-03 ( 4.553E-13,-1.086E-14) ( 2.211E-13,-5.807E-15)  1.00E-07
  6.000E+01 2.47500E-25 -1.922E-03 ( 4.466E-13,-1.030E-14) ( 2.189E-13,-5.581E-15)  1.00E-07
  6.050E+01 2.39050E-25 -1.960E-03 ( 4.381E-13,-9.757E-15) ( 2.168E-13,-5.362E-15)  1.00E-07
  6.100E+01 2.30945E-25 -1.998E-03 ( 4.298E-13,-9.235E-15) ( 2.147E-13,-5.149E-15)  1.00E-07
  6.150E+01 2.23170E-25 -2.036E-03 ( 4.218E-13,-8.735E-15) ( 2.126E-13,-4.941E-15)  1.00E-07
  6.200E+01 2.15708E-25 -2.075E-03 ( 4.139E-13,-8.254E-15) ( 2.105E-13,-4.739E-15)  1.00E-07
  6.250E+01 2.08544E-25 -2.114E-03 ( 4.062E-13,-7.792E-15) ( 2.085E-13,-4.542E-15)  1.00E-07
  6.300E+01 2.01664E-25 -2.154E-03 ( 3.987E-13,-7.348E-15) ( 2.065E-13,-4.350E-15)  1.00E-07
  6.350E+01 1.95056E-25 -2.194E-03 ( 3.914E-13,-6.921E-15) ( 2.045E-13,-4.164E-15)  1.00E-07
  6.400E+01 1.88706E-25 -2.234E-03 ( 3.842E-13,-6.512E-15) ( 2.026E-13,-3.982E-15)  1.00E-07
  6.450E+01 1.82602E-25 -2.275E-03 ( 3.772E-13,-6.118E-15) ( 2.007E-13,-3.805E-15)  1.00E-07
  6.500E+01 1.76733E-25 -2.316E-03 ( 3.704E-13,-5.739E-15) ( 1.988E-13,-3.633E-15)  1.00E-07
  6.550E+01 1.71089E-25 -2.358E-03 ( 3.637E-13,-5.376E-15) ( 1.969E-13,-3.465E-15)  1.00E-07
  6.600E+01 1.65659E-25 -2.400E-03 ( 3.572E-13,-5.026E-15) ( 1.951E-13,-3.301E-15)  1.00E-07
  6.650E+01 1.60434E-25 -2.442E-03 ( 3.508E-13,-4.691E-15) ( 1.932E-13,-3.142E-15)  1.00E-07
  6.700E+01 1.55404E-25 -2.485E-03 ( 3.446E-13,-4.368E-15) ( 1.914E-13,-2.987E-15)  1.00E-07
  6.750E+01 1.50562E-25 -2.528E-03 ( 3.385E-13,-4.058E-15) ( 1.897E-13,-2.836E-15)  1.00E-07
  6.800E+01 1.45898E-25 -2.572E-03 ( 3.325E-13,-3.760E-15) ( 1.879E-13,-2.689E-15)  1.00E-07
  6.850E+01 1.41405E-25 -2.616E-03 ( 3.267E-13,-3.473E-15) ( 1.862E-13,-2.546E-15)  1.00E-07
  6.900E+01 1.37076E-25 -2.661E-03 ( 3.210E-13,-3.198E-15) ( 1.845E-13,-2.406E-15)  1.00E-07
  6.950E+01 1.32903E-25 -2.706E-03 ( 3.154E-13,-2.933E-15) ( 1.828E-13,-2.270E-15)  1.00E-07
  7.000E+01 1.28880E-25 -2.751E-03 ( 3.099E-13,-2.679E-15) ( 1.811E-13,-2.138E-15)  1.00E-07
  7.050E+01 1.25001E-25 -2.797E-03 ( 3.046E-13,-2.435E-15) ( 1.795E-13,-2.009E-15)  1.00E-07
  7.100E+01 1.21260E-25 -2.844E-03 ( 2.994E-13,-2.200E-15) ( 1.779E-13,-1.883E-15)  1.00E-07
  7.150E+01 1.17650E-25 -2.891E-03 ( 2.942E-13,-1.975E-15) ( 1.763E-13,-1.761E-15)  1.00E-07
  7.200E+01 1.14166E-25 -2.938E-03 ( 2.892E-13,-1.758E-15) ( 1.747E-13,-1.642E-15)  1.00E-07
  7.250E+01 1.10804E-25 -2.986E-03 ( 2.843E-13,-1.550E-15) ( 1.731E-13,-1.526E-15)  1.00E-07
  7.300E+01 1.07557E-25 -3.034E-03 ( 2.795E-13,-1.350E-15) ( 1.716E-13,-1.413E-15)  1.00E-07
  7.350E+01 1.04422E-25 -3.083E-03 ( 2.748E-13,-1.158E-15) ( 1.700E-13,-1.303E-15)  1.00E-07
  7.400E+01 1.01394E-25 -3.132E-03 ( 2.702E-13,-9.740E-16) ( 1.685E-13,-1.195E-15)  1.00E-07
  7.450E+01 9.84691E-26 -3.181E-03 ( 2.656E-13,-7.970E-16) ( 1.670E-13,-1.091E-15)  1.00E-07
  7.500E+01 9.56422E-26 -3.231E-03 ( 2.612E-13,-6.270E-16) ( 1.655E-13,-9.890E-16)  1.00E-07
  7.550E+01 9.29101E-26 -3.282E-03 ( 2.569E-13,-4.639E-16) ( 1.641E-13,-8.898E-16)  1.00E-07
  7.600E+01 9.02688E-26 -3.333E-03 ( 2.526E-13,-3.073E-16) ( 1.626E-13,-7.933E-16)  1.00E-07
  7.650E+01 8.77149E-26 -3.385E-03 ( 2.485E-13,-1.570E-16) ( 1.612E-13,-6.993E-16)  1.00E-07
  7.700E+01 8.52449E-26 -3.437E-03 ( 2.444E-13,-1.287E-17) ( 1.598E-13,-6.078E-16)  1.00E-07
  7.750E+01 8.28557E-26 -3.489E-03 ( 2.404E-13, 1.254E-16) ( 1.584E-13,-5.187E-16)  1.00E-07
  7.800E+01 8.05441E-26 -3.542E-03 ( 2.364E-13, 2.581E-16) ( 1.570E-13,-4.320E-16)  1.00E-07
  7.850E+01 7.83071E-26 -3.596E-03 ( 2.326E-13, 3.853E-16) ( 1.556E-13,-3.475E-16)  1.00E-07
  7.900E+01 7.61419E-26 -3.650E-03 ( 2.288E-13, 5.072E-16) ( 1.543E-13,-2.653E-16)  1.00E-07
  7.950E+01 7.40459E-26 -3.704E-03 ( 2.251E-13, 6.241E-16) ( 1.529E-13,-1.852E-16)  1.00E-07
  8.000E+01 7.20164E-26 -3.759E-03 ( 2.214E-13, 7.361E-16) ( 1.516E-13,-1.074E-16)  1.00E-07
  8.050E+01 7.00509E-26 -3.815E-03 ( 2.179E-13, 8.433E-16) ( 1.503E-13,-3.155E-17)  1.00E-07
  8.100E+01 6.81471E-26 -3.871E-03 ( 2.144E-13, 9.461E-16) ( 1.490E-13, 4.222E-17)  1.00E-07
  8.150E+01 6.63027E-26 -3.927E-03 ( 2.109E-13, 1.044E-15) ( 1.477E-13, 1.140E-16)  1.00E-07
  8.200E+01 6.45155E-26 -3.984E-03 ( 2.076E-13, 1.139E-15) ( 1.464E-13, 1.838E-16)  1.00E-07
  8.250E+01 6.27835E-26 -4.042E-03 ( 2.042E-13, 1.229E-15) ( 1.451E-13, 2.518E-16)  1.00E-07
  8.300E+01 6.11046E-26 -4.100E-03 ( 2.010E-13, 1.315E-15) ( 1.439E-13, 3.178E-16)  1.00E-07
  8.350E+01 5.94770E-26 -4.159E-03 ( 1.978E-13, 1.397E-15) ( 1.426E-13, 3.821E-16)  1.00E-07
  8.400E+01 5.78987E-26 -4.218E-03 ( 1.947E-13, 1.476E-15) ( 1.414E-13, 4.446E-16)  1.00E-07
  8.450E+01 5.63682E-26 -4.278E-03 ( 1.916E-13, 1.551E-15) ( 1.402E-13, 5.053E-16)  1.00E-07
  8.500E+01 5.48836E-26 -4.338E-03 ( 1.886E-13, 1.622E-15) ( 1.390E-13, 5.644E-16)  1.00E-07
  8.550E+01 5.34433E-26 -4.399E-03 ( 1.856E-13, 1.691E-15) ( 1.378E-13, 6.217E-16)  1.00E-07
  8.600E+01 5.20459E-26 -4.461E-03 ( 1.827E-13, 1.756E-15) ( 1.366E-13, 6.775E-16)  1.00E-07
  8.650E+01 5.06897E-26 -4.523E-03 ( 1.798E-13, 1.818E-15) ( 1.354E-13, 7.317E-16)  1.00E-07
  8.700E+01 4.93735E-26 -4.585E-03 ( 1.770E-13, 1.877E-15) ( 1.343E-13, 7.843E-16)  1.00E-07
  8.750E+01 4.80957E-26 -4.648E-03 ( 1.743E-13, 1.934E-15) ( 1.331E-13, 8.354E-16)  1.00E-07
  8.800E+01 4.68552E-26 -4.712E-03 ( 1.716E-13, 1.987E-15) ( 1.320E-13, 8.850E-16)  1.00E-07
  8.850E+01 4.56506E-26 -4.777E-03 ( 1.689E-13, 2.038E-15) ( 1.308E-13, 9.332E-16)  1.00E-07
  8.900E+01 4.44807E-26 -4.842E-03 ( 1.663E-13, 2.086E-15) ( 1.297E-13, 9.799E-16)  1.00E-07
  8.950E+01 4.33443E-26 -4.907E-03 ( 1.637E-13, 2.132E-15) ( 1.286E-13, 1.025E-15)  1.00E-07
  9.000E+01 4.22404E-26 -4.974E-03 ( 1.612E-13, 2.176E-15) ( 1.275E-13, 1.069E-15)  1.00E-07
  9.050E+01 4.11678E-26 -5.040E-03 ( 1.587E-13, 2.217E-15) ( 1.264E-13, 1.112E-15)  1.00E-07
  9.100E+01 4.01255E-26 -5.108E-03 ( 1.563E-13, 2.256E-15) ( 1.253E-13, 1.153E-15)  1.00E-07
  9.150E+01 3.91126E-26 -5.176E-03 ( 1.539E-13, 2.293E-15) ( 1.242E-13, 1.193E-15)  1.00E-07
  9.200E+01 3.81279E-26 -5.245E-03 ( 1.515E-13, 2.327E-15) ( 1.232E-13, 1.232E-15)  1.00E-07
  9.250E+01 3.71708E-26 -5.314E-03 ( 1.492E-13, 2.360E-15) ( 1.221E-13, 1.270E-15)  1.00E-07
  9.300E+01 3.62401E-26 -5.384E-03 ( 1.469E-13, 2.391E-15) ( 1.211E-13, 1.306E-15)  1.00E-07
  9.350E+01 3.53351E-26 -5.455E-03 ( 1.446E-13, 2.420E-15) ( 1.200E-13, 1.341E-15)  1.00E-07
  9.400E+01 3.44550E-26 -5.527E-03 ( 1.424E-13, 2.447E-15) ( 1.190E-13, 1.375E-15)  1.00E-07
  9.450E+01 3.35989E-26 -5.599E-03 ( 1.403E-13, 2.472E-15) ( 1.180E-13, 1.408E-15)  1.00E-07
  9.500E+01 3.27662E-26 -5.672E-03 ( 1.381E-13, 2.496E-15) ( 1.169E-13, 1.440E-15)  1.00E-07
  9.550E+01 3.19560E-26 -5.745E-03 ( 1.360E-13, 2.518E-15) ( 1.159E-13, 1.471E-15)  1.00E-07
  9.600E+01 3.11676E-26 -5.819E-03 ( 1.340E-13, 2.538E-15) ( 1.149E-13, 1.501E-15)  1.00E-07
  9.650E+01 3.04004E-26 -5.894E-03 ( 1.319E-13, 2.557E-15) ( 1.139E-13, 1.529E-15)  1.00E-07
  9.700E+01 2.96538E-26 -5.970E-03 ( 1.299E-13, 2.575E-15) ( 1.130E-13, 1.557E-15)  1.00E-07
  9.750E+01 2.89270E-26 -6.047E-03 ( 1.280E-13, 2.591E-15) ( 1.120E-13, 1.584E-15)  1.00E-07
  9.800E+01 2.82194E-26 -6.124E-03 ( 1.261E-13, 2.606E-15) ( 1.110E-13, 1.609E-15)  1.00E-07
  9.850E+01 2.75305E-26 -6.202E-03 ( 1.242E-13, 2.619E-15) ( 1.100E-13, 1.634E-15)  1.00E-07
  9.900E+01 2.68597E-26 -6.280E-03 ( 1.223E-13, 2.632E-15) ( 1.091E-13, 1.658E-15)  1.00E-07
  9.950E+01 2.62065E-26 -6.360E-03 ( 1.204E-13, 2.643E-15) ( 1.081E-13, 1.681E-15)  1.00E-07
  1.000E+02 2.55703E-26 -6.440E-03 ( 1.186E-13, 2.652E-15) ( 1.072E-13, 1.702E-15)  1.00E-07
  1.005E+02 2.49506E-26 -6.521E-03 ( 1.168E-13, 2.661E-15) ( 1.062E-13, 1.724E-15)  1.00E-07
  1.010E+02 2.43469E-26 -6.603E-03 ( 1.151E-13, 2.669E-15) ( 1.053E-13, 1.744E-15)  1.00E-07
  1.015E+02 2.37587E-26 -6.686E-03 ( 1.134E-13, 2.675E-15) ( 1.044E-13, 1.763E-15)  1.00E-07
  1.020E+02 2.31856E-26 -6.769E-03 ( 1.117E-13, 2.681E-15) ( 1.035E-13, 1.782E-15)  1.00E-07
  1.025E+02 2.26271E-26 -6.853E-03 ( 1.100E-13, 2.686E-15) ( 1.026E-13, 1.799E-15)  1.00E-07
  1.030E+02 2.20828E-26 -6.939E-03 ( 1.083E-13, 2.689E-15) ( 1.017E-13, 1.816E-15)  1.00E-07
  1.035E+02 2.15523E-26 -7.025E-03 ( 1.067E-13, 2.692E-15) ( 1.008E-13, 1.832E-15)  1.00E-07
  1.040E+02 2.10352E-26 -7.112E-03 ( 1.051E-13, 2.694E-15) ( 9.986E-14, 1.848E-15)  1.00E-07
  1.045E+02 2.05311E-26 -7.200E-03 ( 1.036E-13, 2.695E-15) ( 9.897E-14, 1.862E-15)  1.00E-07
  1.050E+02 2.00396E-26 -7.288E-03 ( 1.020E-13, 2.695E-15) ( 9.809E-14, 1.876E-15)  1.00E-07
  1.055E+02 1.95603E-26 -7.378E-03 ( 1.005E-13, 2.695E-15) ( 9.722E-14, 1.889E-15)  1.00E-07
  1.060E+02 1.90930E-26 -7.469E-03 ( 9.899E-14, 2.694E-15) ( 9.635E-14, 1.901E-15)  1.00E-07
  1.065E+02 1.86372E-26 -7.560E-03 ( 9.752E-14, 2.692E-15) ( 9.548E-14, 1.913E-15)  1.00E-07
  1.070E+02 1.81926E-26 -7.653E-03 ( 9.606E-14, 2.689E-15) ( 9.462E-14, 1.924E-15)  1.00E-07
  1.075E+02 1.77590E-26 -7.746E-03 ( 9.463E-14, 2.686E-15) ( 9.377E-14, 1.934E-15)  1.00E-07
  1.080E+02 1.73360E-26 -7.841E-03 ( 9.323E-14, 2.682E-15) ( 9.292E-14, 1.944E-15)  1.00E-07
  1.085E+02 1.69233E-26 -7.936E-03 ( 9.184E-14, 2.677E-15) ( 9.208E-14, 1.953E-15)  1.00E-07
  1.090E+02 1.65206E-26 -8.033E-03 ( 9.047E-14, 2.672E-15) ( 9.124E-14, 1.961E-15)  1.00E-07
  1.095E+02 1.61277E-26 -8.130E-03 ( 8.913E-14, 2.667E-15) ( 9.040E-14, 1.969E-15)  1.00E-07
  1.100E+02 1.57443E-26 -8.229E-03 ( 8.780E-14, 2.660E-15) ( 8.958E-14, 1.976E-15)  1.00E-07
  1.105E+02 1.53700E-26 -8.329E-03 ( 8.650E-14, 2.654E-15) ( 8.875E-14, 1.983E-15)  1.00E-07
  1.110E+02 1.50048E-26 -8.430E-03 ( 8.521E-14, 2.646E-15) ( 8.793E-14, 1.989E-15)  1.00E-07
  1.115E+02 1.46483E-26 -8.531E-03 ( 8.395E-14, 2.639E-15) ( 8.712E-14, 1.994E-15)  1.00E-07
  1.120E+02 1.43003E-26 -8.634E-03 ( 8.270E-14, 2.631E-15) ( 8.631E-14, 1.999E-15)  1.00E-07
  1.125E+02 1.39605E-26 -8.739E-03 ( 8.147E-14, 2.622E-15) ( 8.551E-14, 2.003E-15)  1.00E-07
  1.130E+02 1.36288E-26 -8.844E-03 ( 8.027E-14, 2.613E-15) ( 8.471E-14, 2.007E-15)  1.00E-07
  1.135E+02 1.33049E-26 -8.951E-03 ( 7.907E-14, 2.604E-15) ( 8.391E-14, 2.010E-15)  1.00E-07
  1.140E+02 1.29886E-26 -9.058E-03 ( 7.790E-14, 2.594E-15) ( 8.312E-14, 2.013E-15)  1.00E-07
  1.145E+02 1.26798E-26 -9.167E-03 ( 7.675E-14, 2.584E-15) ( 8.233E-14, 2.015E-15)  1.00E-07
  1.150E+02 1.23781E-26 -9.277E-03 ( 7.561E-14, 2.573E-15) ( 8.155E-14, 2.016E-15)  1.00E-07
  1.155E+02 1.20835E-26 -9.389E-03 ( 7.449E-14, 2.563E-15) ( 8.077E-14, 2.017E-15)  1.00E-07
  1.160E+02 1.17958E-26 -9.502E-03 ( 7.338E-14, 2.552E-15) ( 8.000E-14, 2.018E-15)  1.00E-07
  1.165E+02 1.15147E-26 -9.616E-03 ( 7.230E-14, 2.540E-15) ( 7.923E-14, 2.018E-15)  1.00E-07
  1.170E+02 1.12401E-26 -9.731E-03 ( 7.122E-14, 2.529E-15) ( 7.846E-14, 2.018E-15)  1.00E-07
  1.175E+02 1.09718E-26 -9.848E-03 ( 7.017E-14, 2.517E-15) ( 7.770E-14, 2.017E-15)  1.00E-07
  1.180E+02 1.07097E-26 -9.966E-03 ( 6.913E-14, 2.504E-15) ( 7.694E-14, 2.016E-15)  1.00E-07
  1.185E+02 1.04536E-26 -1.009E-02 ( 6.811E-14, 2.492E-15) ( 7.619E-14, 2.014E-15)  1.00E-07
  1.190E+02 1.02033E-26 -1.021E-02 ( 6.710E-14, 2.479E-15) ( 7.544E-14, 2.012E-15)  1.00E-07
  1.195E+02 9.95880E-27 -1.033E-02 ( 6.610E-14, 2.467E-15) ( 7.469E-14, 2.009E-15)  1.00E-07
  1.200E+02 9.71982E-27 -1.045E-02 ( 6.512E-14, 2.454E-15) ( 7.395E-14, 2.006E-15)  1.00E-07
  1.205E+02 9.48627E-27 -1.058E-02 ( 6.416E-14, 2.440E-15) ( 7.321E-14, 2.003E-15)  1.00E-07
  1.210E+02 9.25801E-27 -1.071E-02 ( 6.321E-14, 2.427E-15) ( 7.247E-14, 1.999E-15)  1.00E-07
  1.215E+02 9.03490E-27 -1.083E-02 ( 6.227E-14, 2.413E-15) ( 7.174E-14, 1.994E-15)  1.00E-07
  1.220E+02 8.81681E-27 -1.096E-02 ( 6.135E-14, 2.400E-15) ( 7.101E-14, 1.990E-15)  1.00E-07
  1.225E+02 8.60363E-27 -1.110E-02 ( 6.044E-14, 2.386E-15) ( 7.029E-14, 1.985E-15)  1.00E-07
  1.230E+02 8.39524E-27 -1.123E-02 ( 5.955E-14, 2.372E-15) ( 6.957E-14, 1.979E-15)  1.00E-07
  1.235E+02 8.19151E-27 -1.137E-02 ( 5.867E-14, 2.358E-15) ( 6.885E-14, 1.973E-15)  1.00E-07
  1.240E+02 7.99233E-27 -1.150E-02 ( 5.780E-14, 2.343E-15) ( 6.813E-14, 1.967E-15)  1.00E-07
  1.245E+02 7.79759E-27 -1.164E-02 ( 5.695E-14, 2.329E-15) ( 6.742E-14, 1.961E-15)  1.00E-07
  1.250E+02 7.60719E-27 -1.178E-02 ( 5.610E-14, 2.315E-15) ( 6.671E-14, 1.954E-15)  1.00E-07
  1.255E+02 7.42103E-27 -1.192E-02 ( 5.527E-14, 2.300E-15) ( 6.601E-14, 1.946E-15)  1.00E-07
  1.260E+02 7.23899E-27 -1.207E-02 ( 5.446E-14, 2.286E-15) ( 6.530E-14, 1.939E-15)  1.00E-07
  1.265E+02 7.06098E-27 -1.221E-02 ( 5.365E-14, 2.271E-15) ( 6.460E-14, 1.931E-15)  1.00E-07
  1.270E+02 6.88691E-27 -1.236E-02 ( 5.286E-14, 2.256E-15) ( 6.391E-14, 1.923E-15)  1.00E-07
  1.275E+02 6.71668E-27 -1.251E-02 ( 5.208E-14, 2.242E-15) ( 6.321E-14, 1.914E-15)  1.00E-07
  1.280E+02 6.55021E-27 -1.266E-02 ( 5.131E-14, 2.227E-15) ( 6.252E-14, 1.905E-15)  1.00E-07
  1.285E+02 6.38740E-27 -1.282E-02 ( 5.055E-14, 2.212E-15) ( 6.183E-14, 1.896E-15)  1.00E-07
  1.290E+02 6.22817E-27 -1.297E-02 ( 4.981E-14, 2.197E-15) ( 6.115E-14, 1.886E-15)  1.00E-07
  1.295E+02 6.07244E-27 -1.313E-02 ( 4.907E-14, 2.182E-15) ( 6.046E-14, 1.876E-15)  1.00E-07
  1.300E+02 5.92013E-27 -1.329E-02 ( 4.835E-14, 2.168E-15) ( 5.979E-14, 1.866E-15)  1.00E-07
  1.305E+02 5.77116E-27 -1.346E-02 ( 4.764E-14, 2.153E-15) ( 5.911E-14, 1.856E-15)  1.00E-07
  1.310E+02 5.62545E-27 -1.362E-02 ( 4.694E-14, 2.138E-15) ( 5.843E-14, 1.845E-15)  1.00E-07
  1.315E+02 5.48293E-27 -1.379E-02 ( 4.625E-14, 2.123E-15) ( 5.776E-14, 1.834E-15)  1.00E-07
  1.320E+02 5.34352E-27 -1.396E-02 ( 4.557E-14, 2.108E-15) ( 5.709E-14, 1.823E-15)  1.00E-07
  1.325E+02 5.20717E-27 -1.413E-02 ( 4.490E-14, 2.093E-15) ( 5.643E-14, 1.811E-15)  1.00E-07
  1.330E+02 5.07379E-27 -1.431E-02 ( 4.424E-14, 2.078E-15) ( 5.576E-14, 1.800E-15)  1.00E-07
  1.335E+02 4.94333E-27 -1.448E-02 ( 4.359E-14, 2.064E-15) ( 5.510E-14, 1.787E-15)  1.00E-07
  1.340E+02 4.81571E-27 -1.466E-02 ( 4.295E-14, 2.049E-15) ( 5.444E-14, 1.775E-15)  1.00E-07
  1.345E+02 4.69088E-27 -1.485E-02 ( 4.232E-14, 2.034E-15) ( 5.378E-14, 1.762E-15)  1.00E-07
  1.350E+02 4.56878E-27 -1.503E-02 ( 4.170E-14, 2.020E-15) ( 5.313E-14, 1.750E-15)  1.00E-07
  1.355E+02 4.44934E-27 -1.522E-02 ( 4.109E-14, 2.005E-15) ( 5.247E-14, 1.737E-15)  1.00E-07
  1.360E+02 4.33251E-27 -1.541E-02 ( 4.049E-14, 1.991E-15) ( 5.182E-14, 1.723E-15)  1.00E-07
  1.365E+02 4.21823E-27 -1.560E-02 ( 3.990E-14, 1.976E-15) ( 5.118E-14, 1.710E-15)  1.00E-07
  1.370E+02 4.10645E-27 -1.580E-02 ( 3.932E-14, 1.962E-15) ( 5.053E-14, 1.696E-15)  1.00E-07
  1.375E+02 3.99711E-27 -1.600E-02 ( 3.875E-14, 1.947E-15) ( 4.989E-14, 1.682E-15)  1.00E-07
  1.380E+02 3.89017E-27 -1.620E-02 ( 3.819E-14, 1.933E-15) ( 4.925E-14, 1.668E-15)  1.00E-07
  1.385E+02 3.78557E-27 -1.640E-02 ( 3.764E-14, 1.919E-15) ( 4.861E-14, 1.653E-15)  1.00E-07
  1.390E+02 3.68327E-27 -1.661E-02 ( 3.709E-14, 1.905E-15) ( 4.797E-14, 1.638E-15)  1.00E-07
  1.395E+02 3.58321E-27 -1.682E-02 ( 3.656E-14, 1.891E-15) ( 4.733E-14, 1.624E-15)  1.00E-07
  1.400E+02 3.48535E-27 -1.704E-02 ( 3.603E-14, 1.877E-15) ( 4.670E-14, 1.608E-15)  1.00E-07
  1.405E+02 3.38965E-27 -1.726E-02 ( 3.552E-14, 1.863E-15) ( 4.607E-14, 1.593E-15)  1.00E-07
  1.410E+02 3.29605E-27 -1.748E-02 ( 3.501E-14, 1.849E-15) ( 4.544E-14, 1.578E-15)  1.00E-07
  1.415E+02 3.20453E-27 -1.770E-02 ( 3.451E-14, 1.836E-15) ( 4.481E-14, 1.562E-15)  1.00E-07
  1.420E+02 3.11503E-27 -1.793E-02 ( 3.402E-14, 1.822E-15) ( 4.418E-14, 1.546E-15)  1.00E-07
  1.425E+02 3.02752E-27 -1.816E-02 ( 3.353E-14, 1.809E-15) ( 4.356E-14, 1.530E-15)  1.00E-07
  1.430E+02 2.94196E-27 -1.840E-02 ( 3.306E-14, 1.796E-15) ( 4.294E-14, 1.514E-15)  1.00E-07
  1.435E+02 2.85831E-27 -1.864E-02 ( 3.259E-14, 1.783E-15) ( 4.232E-14, 1.497E-15)  1.00E-07
  1.440E+02 2.77652E-27 -1.888E-02 ( 3.213E-14, 1.769E-15) ( 4.170E-14, 1.481E-15)  1.00E-07
  1.445E+02 2.69658E-27 -1.912E-02 ( 3.168E-14, 1.757E-15) ( 4.108E-14, 1.464E-15)  1.00E-07
  1.450E+02 2.61843E-27 -1.937E-02 ( 3.124E-14, 1.744E-15) ( 4.047E-14, 1.447E-15)  1.00E-07
  1.455E+02 2.54205E-27 -1.963E-02 ( 3.080E-14, 1.731E-15) ( 3.985E-14, 1.430E-15)  1.00E-07
  1.460E+02 2.46740E-27 -1.989E-02 ( 3.037E-14, 1.719E-15) ( 3.924E-14, 1.413E-15)  1.00E-07
  1.465E+02 2.39446E-27 -2.015E-02 ( 2.995E-14, 1.706E-15) ( 3.863E-14, 1.395E-15)  1.00E-07
  1.470E+02 2.32318E-27 -2.041E-02 ( 2.954E-14, 1.694E-15) ( 3.802E-14, 1.377E-15)  1.00E-07
  1.475E+02 2.25354E-27 -2.068E-02 ( 2.914E-14, 1.682E-15) ( 3.741E-14, 1.360E-15)  1.00E-07
  1.480E+02 2.18550E-27 -2.095E-02 ( 2.874E-14, 1.670E-15) ( 3.681E-14, 1.342E-15)  1.00E-07
  1.485E+02 2.11905E-27 -2.123E-02 ( 2.835E-14, 1.658E-15) ( 3.620E-14, 1.324E-15)  1.00E-07
  1.490E+02 2.05414E-27 -2.151E-02 ( 2.797E-14, 1.646E-15) ( 3.560E-14, 1.306E-15)  1.00E-07
  1.495E+02 1.99076E-27 -2.179E-02 ( 2.760E-14, 1.635E-15) ( 3.500E-14, 1.287E-15)  1.00E-07
  1.500E+02 1.92888E-27 -2.208E-02 ( 2.723E-14, 1.623E-15) ( 3.440E-14, 1.269E-15)  1.00E-07
  1.505E+02 1.86846E-27 -2.237E-02 ( 2.687E-14, 1.612E-15) ( 3.380E-14, 1.250E-15)  1.00E-07
  1.510E+02 1.80949E-27 -2.267E-02 ( 2.651E-14, 1.601E-15) ( 3.320E-14, 1.231E-15)  1.00E-07
  1.515E+02 1.75194E-27 -2.297E-02 ( 2.617E-14, 1.590E-15) ( 3.261E-14, 1.212E-15)  1.00E-07
  1.520E+02 1.69578E-27 -2.327E-02 ( 2.583E-14, 1.579E-15) ( 3.201E-14, 1.193E-15)  1.00E-07
  1.525E+02 1.64100E-27 -2.358E-02 ( 2.550E-14, 1.569E-15) ( 3.142E-14, 1.174E-15)  1.00E-07
  1.530E+02 1.58757E-27 -2.389E-02 ( 2.517E-14, 1.558E-15) ( 3.082E-14, 1.155E-15)  1.00E-07
  1.535E+02 1.53546E-27 -2.420E-02 ( 2.485E-14, 1.548E-15) ( 3.023E-14, 1.136E-15)  1.00E-07
  1.540E+02 1.48466E-27 -2.452E-02 ( 2.454E-14, 1.538E-15) ( 2.964E-14, 1.116E-15)  1.00E-07
  1.545E+02 1.43515E-27 -2.483E-02 ( 2.424E-14, 1.528E-15) ( 2.905E-14, 1.096E-15)  1.00E-07
  1.550E+02 1.38690E-27 -2.515E-02 ( 2.394E-14, 1.518E-15) ( 2.847E-14, 1.077E-15)  1.00E-07
  1.555E+02 1.33990E-27 -2.548E-02 ( 2.365E-14, 1.509E-15) ( 2.788E-14, 1.057E-15)  1.00E-07
  1.560E+02 1.29413E-27 -2.580E-02 ( 2.336E-14, 1.499E-15) ( 2.729E-14, 1.037E-15)  1.00E-07
  1.565E+02 1.24956E-27 -2.612E-02 ( 2.308E-14, 1.490E-15) ( 2.671E-14, 1.017E-15)  1.00E-07
  1.570E+02 1.20618E-27 -2.645E-02 ( 2.281E-14, 1.481E-15) ( 2.613E-14, 9.967E-16)  1.00E-07
  1.575E+02 1.16398E-27 -2.677E-02 ( 2.255E-14, 1.472E-15) ( 2.554E-14, 9.765E-16)  1.00E-07
  1.580E+02 1.12293E-27 -2.710E-02 ( 2.229E-14, 1.463E-15) ( 2.496E-14, 9.561E-16)  1.00E-07
  1.585E+02 1.08303E-27 -2.742E-02 ( 2.204E-14, 1.455E-15) ( 2.438E-14, 9.357E-16)  1.00E-07
  1.590E+02 1.04424E-27 -2.774E-02 ( 2.179E-14, 1.446E-15) ( 2.380E-14, 9.151E-16)  1.00E-07
  1.595E+02 1.00657E-27 -2.806E-02 ( 2.155E-14, 1.438E-15) ( 2.322E-14, 8.945E-16)  1.00E-07
  1.600E+02 9.69990E-28 -2.837E-02 ( 2.132E-14, 1.430E-15) ( 2.265E-14, 8.738E-16)  1.00E-07
  1.605E+02 9.34488E-28 -2.867E-02 ( 2.109E-14, 1.422E-15) ( 2.207E-14, 8.530E-16)  1.00E-07
  1.610E+02 9.00053E-28 -2.897E-02 ( 2.087E-14, 1.415E-15) ( 2.149E-14, 8.322E-16)  1.00E-07
  1.615E+02 8.66668E-28 -2.926E-02 ( 2.065E-14, 1.407E-15) ( 2.092E-14, 8.112E-16)  1.00E-07
  1.620E+02 8.34322E-28 -2.954E-02 ( 2.044E-14, 1.400E-15) ( 2.034E-14, 7.902E-16)  1.00E-07
  1.625E+02 8.03003E-28 -2.981E-02 ( 2.024E-14, 1.393E-15) ( 1.977E-14, 7.691E-16)  1.00E-07
  1.630E+02 7.72697E-28 -3.006E-02 ( 2.004E-14, 1.386E-15) ( 1.920E-14, 7.479E-16)  1.00E-07
  1.635E+02 7.43393E-28 -3.029E-02 ( 1.985E-14, 1.379E-15) ( 1.862E-14, 7.266E-16)  1.00E-07
  1.640E+02 7.15080E-28 -3.051E-02 ( 1.967E-14, 1.373E-15) ( 1.805E-14, 7.053E-16)  1.00E-07
  1.645E+02 6.87746E-28 -3.070E-02 ( 1.949E-14, 1.366E-15) ( 1.748E-14, 6.839E-16)  1.00E-07
  1.650E+02 6.61383E-28 -3.086E-02 ( 1.932E-14, 1.360E-15) ( 1.691E-14, 6.625E-16)  1.00E-07
  1.655E+02 6.35978E-28 -3.100E-02 ( 1.915E-14, 1.354E-15) ( 1.634E-14, 6.410E-16)  1.00E-07
  1.660E+02 6.11522E-28 -3.110E-02 ( 1.899E-14, 1.349E-15) ( 1.577E-14, 6.194E-16)  1.00E-07
  1.665E+02 5.88006E-28 -3.116E-02 ( 1.883E-14, 1.343E-15) ( 1.520E-14, 5.978E-16)  1.00E-07
  1.670E+02 5.65421E-28 -3.118E-02 ( 1.868E-14, 1.338E-15) ( 1.463E-14, 5.761E-16)  1.00E-07
  1.675E+02 5.43758E-28 -3.115E-02 ( 1.854E-14, 1.333E-15) ( 1.407E-14, 5.544E-16)  1.00E-07
  1.680E+02 5.23009E-28 -3.107E-02 ( 1.840E-14, 1.328E-15) ( 1.350E-14, 5.326E-16)  1.00E-07
  1.685E+02 5.03167E-28 -3.092E-02 ( 1.827E-14, 1.323E-15) ( 1.293E-14, 5.108E-16)  1.00E-07
  1.690E+02 4.84222E-28 -3.071E-02 ( 1.815E-14, 1.318E-15) ( 1.237E-14, 4.889E-16)  1.00E-07
  1.695E+02 4.66169E-28 -3.043E-02 ( 1.803E-14, 1.314E-15) ( 1.180E-14, 4.670E-16)  1.00E-07
  1.700E+02 4.49001E-28 -3.007E-02 ( 1.791E-14, 1.310E-15) ( 1.124E-14, 4.450E-16)  1.00E-07
  1.705E+02 4.32711E-28 -2.963E-02 ( 1.780E-14, 1.306E-15) ( 1.067E-14, 4.230E-16)  1.00E-07
  1.710E+02 4.17292E-28 -2.909E-02 ( 1.770E-14, 1.302E-15) ( 1.011E-14, 4.010E-16)  1.00E-07
  1.715E+02 4.02740E-28 -2.845E-02 ( 1.760E-14, 1.299E-15) ( 9.546E-15, 3.789E-16)  1.00E-07
  1.720E+02 3.89048E-28 -2.770E-02 ( 1.751E-14, 1.295E-15) ( 8.983E-15, 3.568E-16)  1.00E-07
  1.725E+02 3.76211E-28 -2.685E-02 ( 1.742E-14, 1.292E-15) ( 8.420E-15, 3.346E-16)  1.00E-07
  1.730E+02 3.64225E-28 -2.587E-02 ( 1.734E-14, 1.289E-15) ( 7.857E-15, 3.125E-16)  1.00E-07
  1.735E+02 3.53085E-28 -2.477E-02 ( 1.727E-14, 1.286E-15) ( 7.295E-15, 2.902E-16)  1.00E-07
  1.740E+02 3.42787E-28 -2.354E-02 ( 1.720E-14, 1.284E-15) ( 6.732E-15, 2.680E-16)  1.00E-07
  1.745E+02 3.33327E-28 -2.218E-02 ( 1.713E-14, 1.282E-15) ( 6.171E-15, 2.458E-16)  1.00E-07
  1.750E+02 3.24702E-28 -2.070E-02 ( 1.708E-14, 1.279E-15) ( 5.609E-15, 2.235E-16)  1.00E-07
  1.755E+02 3.16907E-28 -1.908E-02 ( 1.702E-14, 1.278E-15) ( 5.047E-15, 2.012E-16)  1.00E-07
  1.760E+02 3.09941E-28 -1.734E-02 ( 1.698E-14, 1.276E-15) ( 4.486E-15, 1.789E-16)  1.00E-07
  1.765E+02 3.03800E-28 -1.547E-02 ( 1.693E-14, 1.274E-15) ( 3.925E-15, 1.566E-16)  1.00E-07
  1.770E+02 2.98483E-28 -1.350E-02 ( 1.690E-14, 1.273E-15) ( 3.364E-15, 1.342E-16)  1.00E-07
  1.775E+02 2.93987E-28 -1.142E-02 ( 1.687E-14, 1.272E-15) ( 2.803E-15, 1.119E-16)  1.00E-07
  1.780E+02 2.90310E-28 -9.245E-03 ( 1.684E-14, 1.271E-15) ( 2.242E-15, 8.953E-17)  1.00E-07
  1.785E+02 2.87453E-28 -7.004E-03 ( 1.682E-14, 1.270E-15) ( 1.682E-15, 6.714E-17)  1.00E-07
  1.790E+02 2.85412E-28 -4.701E-03 ( 1.681E-14, 1.270E-15) ( 1.121E-15, 4.477E-17)  1.00E-07
  1.795E+02 2.84188E-28 -2.362E-03 ( 1.680E-14, 1.269E-15) ( 5.605E-16, 2.238E-17)  1.00E-07
  1.800E+02 2.83779E-28 -3.274E-17 ( 1.680E-14, 1.269E-15) ( 7.863E-30, 3.176E-31)  3.78E-07

  **** DPWA0 ENDED ************************************************************

